  3.5300000E+01     1   2.6290000E+00   2.3680000E-01   7.0800000E+01   0.0000000E+00   7.4970000E+01   8.7000000E+01   2.1450577E+00   1.1956850E-03  -5.4537075E-01
  3.5300000E+01     2   1.2760000E+00   8.6000000E-02   1.1250000E+02   3.0100000E+02   3.5000000E+02   2.3780000E+02   2.1450577E+00   3.7403946E-01  -5.4537075E-01
  3.5300000E+01     3   1.2760000E+00   0.0000000E+00   0.0000000E+00   1.1250000E+02   3.5000000E+02   0.0000000E+00   1.0000000E+01   1.0000000E+02  -1.0000000E+00
  3.5300000E+01     4   1.2902000E+00   0.0000000E+00   0.0000000E+00   1.1250000E+02   3.5000000E+02   0.0000000E+00   1.0000000E+01   1.0000000E+02  -1.0000000E+00
  3.5300000E+01     5   1.3043000E+00   0.0000000E+00   0.0000000E+00   1.1250000E+02   3.5000000E+02   0.0000000E+00   1.0000000E+01   1.0000000E+02  -1.0000000E+00
  3.5300000E+01     6   1.3185000E+00   0.0000000E+00   0.0000000E+00   1.1250000E+02   3.5000000E+02   0.0000000E+00   1.0000000E+01   1.0000000E+02  -1.0000000E+00
  3.5300000E+01     7   1.3327000E+00   0.0000000E+00   0.0000000E+00   1.1250000E+02   3.5000000E+02   0.0000000E+00   1.0000000E+01   1.0000000E+02  -1.0000000E+00
  3.5300000E+01     8   1.3469000E+00   0.0000000E+00   0.0000000E+00   1.1250000E+02   3.5000000E+02   0.0000000E+00   1.0000000E+01   1.0000000E+02  -1.0000000E+00
  3.5300000E+01     9   1.3610000E+00   0.0000000E+00   0.0000000E+00   1.1250000E+02   3.5000000E+02   0.0000000E+00   1.0000000E+01   1.0000000E+02  -1.0000000E+00
  3.5300000E+01    10   1.3752000E+00   0.0000000E+00   0.0000000E+00   1.1250000E+02   3.5000000E+02   0.0000000E+00   1.0000000E+01   1.0000000E+02  -1.0000000E+00
  3.5300000E+01    11   1.3894000E+00   0.0000000E+00   0.0000000E+00   1.1250000E+02   3.5000000E+02   0.0000000E+00   1.0000000E+01   1.0000000E+02  -1.0000000E+00
  3.5300000E+01    12   1.4035000E+00   0.0000000E+00   0.0000000E+00   1.1250000E+02   3.5000000E+02   0.0000000E+00   1.0000000E+01   1.0000000E+02  -1.0000000E+00
  3.5300000E+01    13   1.4177000E+00   0.0000000E+00   0.0000000E+00   1.1250000E+02   3.5000000E+02   0.0000000E+00   1.0000000E+01   1.0000000E+02  -1.0000000E+00
  3.5300000E+01    14   1.4319000E+00   0.0000000E+00   0.0000000E+00   1.1250000E+02   3.5000000E+02   0.0000000E+00   1.0000000E+01   1.0000000E+02  -1.0000000E+00
  3.5300000E+01    15   1.4461000E+00   0.0000000E+00   0.0000000E+00   1.1250000E+02   3.5000000E+02   0.0000000E+00   1.0000000E+01   1.0000000E+02  -1.0000000E+00
  3.5300000E+01    16   1.4602000E+00   0.0000000E+00   0.0000000E+00   1.1250000E+02   3.5000000E+02   0.0000000E+00   1.0000000E+01   1.0000000E+02  -1.0000000E+00
  3.5300000E+01    17   1.4744000E+00   0.0000000E+00   0.0000000E+00   1.1250000E+02   3.5000000E+02   0.0000000E+00   1.0000000E+01   1.0000000E+02  -1.0000000E+00
  3.5300000E+01    18   1.4886000E+00   0.0000000E+00   0.0000000E+00   1.1250000E+02   3.5000000E+02   0.0000000E+00   1.0000000E+01   1.0000000E+02  -1.0000000E+00
  3.5300000E+01    19   1.5027000E+00   0.0000000E+00   0.0000000E+00   1.1250000E+02   3.5000000E+02   0.0000000E+00   1.0000000E+01   1.0000000E+02  -1.0000000E+00
  3.5300000E+01    20   1.5169000E+00   0.0000000E+00   0.0000000E+00   1.1250000E+02   3.5000000E+02   0.0000000E+00   1.0000000E+01   1.0000000E+02  -1.0000000E+00
  3.5300000E+01    21   1.5311000E+00   0.0000000E+00   0.0000000E+00   1.1250000E+02   3.5000000E+02   0.0000000E+00   1.0000000E+01   1.0000000E+02  -1.0000000E+00
  3.5300000E+01    22   1.5453000E+00   0.0000000E+00   0.0000000E+00   1.1250000E+02   3.5000000E+02   0.0000000E+00   1.0000000E+01   1.0000000E+02  -1.0000000E+00
  3.5300000E+01    23   1.5594000E+00   0.0000000E+00   0.0000000E+00   1.1250000E+02   3.5000000E+02   0.0000000E+00   1.0000000E+01   1.0000000E+02  -1.0000000E+00
  3.5300000E+01    24   1.5736000E+00   0.0000000E+00   0.0000000E+00   1.1250000E+02   3.5000000E+02   0.0000000E+00   1.0000000E+01   1.0000000E+02  -1.0000000E+00
  3.5300000E+01    25   1.5878000E+00   0.0000000E+00   0.0000000E+00   1.1250000E+02   3.5000000E+02   0.0000000E+00   1.0000000E+01   1.0000000E+02  -1.0000000E+00
  3.5300000E+01    26   1.6019000E+00   0.0000000E+00   0.0000000E+00   1.1250000E+02   3.5000000E+02   0.0000000E+00   1.0000000E+01   1.0000000E+02  -1.0000000E+00
  3.5300000E+01    27   1.6161000E+00   0.0000000E+00   0.0000000E+00   1.1250000E+02   3.5000000E+02   0.0000000E+00   1.0000000E+01   1.0000000E+02  -1.0000000E+00
  3.5300000E+01    28   1.6303000E+00   0.0000000E+00   0.0000000E+00   1.1250000E+02   3.5000000E+02   0.0000000E+00   1.0000000E+01   1.0000000E+02  -1.0000000E+00
  3.5300000E+01    29   1.6445000E+00   0.0000000E+00   0.0000000E+00   1.1250000E+02   3.5000000E+02   0.0000000E+00   1.0000000E+01   1.0000000E+02  -1.0000000E+00
  3.5300000E+01    30   1.6586000E+00   0.0000000E+00   0.0000000E+00   1.1250000E+02   3.5000000E+02   0.0000000E+00   1.0000000E+01   1.0000000E+02  -1.0000000E+00
  3.5300000E+01    31   1.6728000E+00   0.0000000E+00   0.0000000E+00   1.1250000E+02   3.5000000E+02   0.0000000E+00   1.0000000E+01   1.0000000E+02  -1.0000000E+00
  3.5300000E+01    32   1.6870000E+00   0.0000000E+00   0.0000000E+00   1.1250000E+02   3.5000000E+02   0.0000000E+00   1.0000000E+01   1.0000000E+02  -1.0000000E+00
  3.5300000E+01    33   1.7012000E+00   0.0000000E+00   0.0000000E+00   1.1250000E+02   3.5000000E+02   0.0000000E+00   1.0000000E+01   1.0000000E+02  -1.0000000E+00
  3.5300000E+01    34   1.7153000E+00   0.0000000E+00   0.0000000E+00   1.1250000E+02   3.5000000E+02   0.0000000E+00   1.0000000E+01   1.0000000E+02  -1.0000000E+00
  3.5300000E+01    35   1.7295000E+00   0.0000000E+00   0.0000000E+00   1.1250000E+02   3.5000000E+02   0.0000000E+00   1.0000000E+01   1.0000000E+02  -1.0000000E+00
  3.5300000E+01    36   1.7437000E+00   0.0000000E+00   0.0000000E+00   1.1250000E+02   3.5000000E+02   0.0000000E+00   1.0000000E+01   1.0000000E+02  -1.0000000E+00
  3.5300000E+01    37   1.7578000E+00   0.0000000E+00   0.0000000E+00   1.1250000E+02   3.5000000E+02   0.0000000E+00   1.0000000E+01   1.0000000E+02  -1.0000000E+00
  3.5300000E+01    38   1.7720000E+00   0.0000000E+00   0.0000000E+00   1.1250000E+02   3.5000000E+02   0.0000000E+00   1.0000000E+01   1.0000000E+02  -1.0000000E+00
  3.5300000E+01    39   1.7862000E+00   0.0000000E+00   0.0000000E+00   1.1250000E+02   3.5000000E+02   0.0000000E+00   1.0000000E+01   1.0000000E+02  -1.0000000E+00
  3.5300000E+01    40   1.8004000E+00   0.0000000E+00   0.0000000E+00   1.1250000E+02   3.5000000E+02   0.0000000E+00   1.0000000E+01   1.0000000E+02  -1.0000000E+00
  3.5300000E+01    41   1.8145000E+00   0.0000000E+00   0.0000000E+00   1.1250000E+02   3.5000000E+02   0.0000000E+00   1.0000000E+01   1.0000000E+02  -1.0000000E+00
  3.5300000E+01    42   1.8287000E+00   0.0000000E+00   0.0000000E+00   1.1250000E+02   3.5000000E+02   0.0000000E+00   1.0000000E+01   1.0000000E+02  -1.0000000E+00
  3.5300000E+01    43   1.8429000E+00   0.0000000E+00   0.0000000E+00   1.1250000E+02   3.5000000E+02   0.0000000E+00   1.0000000E+01   1.0000000E+02  -1.0000000E+00
  3.5300000E+01    44   1.8570000E+00   0.0000000E+00   0.0000000E+00   1.1250000E+02   3.5000000E+02   0.0000000E+00   1.0000000E+01   1.0000000E+02  -1.0000000E+00
  3.5300000E+01    45   1.8712000E+00   0.0000000E+00   0.0000000E+00   1.1250000E+02   3.5000000E+02   0.0000000E+00   1.0000000E+01   1.0000000E+02  -1.0000000E+00
  3.5300000E+01    46   1.8854000E+00   0.0000000E+00   0.0000000E+00   1.1250000E+02   3.5000000E+02   0.0000000E+00   1.0000000E+01   1.0000000E+02  -1.0000000E+00
  3.5300000E+01    47   1.8996000E+00   0.0000000E+00   0.0000000E+00   1.1250000E+02   3.5000000E+02   0.0000000E+00   1.0000000E+01   1.0000000E+02  -1.0000000E+00
  3.5300000E+01    48   1.9137000E+00   0.0000000E+00   0.0000000E+00   1.1250000E+02   3.5000000E+02   0.0000000E+00   1.0000000E+01   1.0000000E+02  -1.0000000E+00
  3.5300000E+01    49   1.9279000E+00   0.0000000E+00   0.0000000E+00   1.1250000E+02   3.5000000E+02   0.0000000E+00   1.0000000E+01   1.0000000E+02  -1.0000000E+00
  3.5300000E+01    50   1.9421000E+00   0.0000000E+00   0.0000000E+00   1.1250000E+02   3.5000000E+02   0.0000000E+00   1.0000000E+01   1.0000000E+02  -1.0000000E+00
  3.5300000E+01    51   1.9562000E+00   0.0000000E+00   0.0000000E+00   1.1250000E+02   3.5000000E+02   0.0000000E+00   1.0000000E+01   1.0000000E+02  -1.0000000E+00
  3.5300000E+01    52   1.9704000E+00   0.0000000E+00   0.0000000E+00   1.1250000E+02   3.5000000E+02   0.0000000E+00   1.0000000E+01   1.0000000E+02  -1.0000000E+00
  3.5300000E+01    53   1.9846000E+00   0.0000000E+00   0.0000000E+00   1.1250000E+02   3.5000000E+02   0.0000000E+00   1.0000000E+01   1.0000000E+02  -1.0000000E+00
  3.5300000E+01    54   1.9988000E+00   0.0000000E+00   0.0000000E+00   1.1250000E+02   3.5000000E+02   0.0000000E+00   1.0000000E+01   1.0000000E+02  -1.0000000E+00
  3.5300000E+01    55   2.0129000E+00   0.0000000E+00   0.0000000E+00   1.1250000E+02   3.5000000E+02   0.0000000E+00   1.0000000E+01   1.0000000E+02  -1.0000000E+00
  3.5300000E+01    56   2.0271000E+00   0.0000000E+00   0.0000000E+00   1.1250000E+02   3.5000000E+02   0.0000000E+00   1.0000000E+01   1.0000000E+02  -1.0000000E+00
  3.5300000E+01    57   2.0413000E+00   0.0000000E+00   0.0000000E+00   1.1250000E+02   3.5000000E+02   0.0000000E+00   1.0000000E+01   1.0000000E+02  -1.0000000E+00
  3.5300000E+01    58   2.0554000E+00   0.0000000E+00   0.0000000E+00   1.1250000E+02   3.5000000E+02   0.0000000E+00   1.0000000E+01   1.0000000E+02  -1.0000000E+00
  3.5300000E+01    59   2.0696000E+00   0.0000000E+00   0.0000000E+00   1.1250000E+02   3.5000000E+02   0.0000000E+00   1.0000000E+01   1.0000000E+02  -1.0000000E+00
  3.5300000E+01    60   2.0838000E+00   0.0000000E+00   0.0000000E+00   1.1250000E+02   3.5000000E+02   0.0000000E+00   1.0000000E+01   1.0000000E+02  -1.0000000E+00
  3.5300000E+01    61   2.0980000E+00   0.0000000E+00   0.0000000E+00   1.1250000E+02   3.5000000E+02   0.0000000E+00   1.0000000E+01   1.0000000E+02  -1.0000000E+00
  3.5300000E+01    62   2.1121000E+00   0.0000000E+00   0.0000000E+00   1.1250000E+02   3.5000000E+02   0.0000000E+00   1.0000000E+01   1.0000000E+02  -1.0000000E+00
  3.5300000E+01    63   2.1263000E+00   0.0000000E+00   0.0000000E+00   1.1250000E+02   3.5000000E+02   0.0000000E+00   1.0000000E+01   1.0000000E+02  -1.0000000E+00
  3.5300000E+01    64   2.1405000E+00   0.0000000E+00   0.0000000E+00   1.1250000E+02   3.5000000E+02   0.0000000E+00   1.0000000E+01   1.0000000E+02  -1.0000000E+00
  3.5300000E+01    65   2.1546000E+00   0.0000000E+00   0.0000000E+00   1.1250000E+02   3.5000000E+02   0.0000000E+00   1.0000000E+01   1.0000000E+02  -1.0000000E+00
  3.5300000E+01    66   2.1688000E+00   0.0000000E+00   0.0000000E+00   1.1250000E+02   3.5000000E+02   0.0000000E+00   1.0000000E+01   1.0000000E+02  -1.0000000E+00
  3.5300000E+01    67   2.1830000E+00   0.0000000E+00   0.0000000E+00   1.1250000E+02   3.5000000E+02   0.0000000E+00   1.0000000E+01   1.0000000E+02  -1.0000000E+00
  3.5300000E+01    68   2.1972000E+00   0.0000000E+00   0.0000000E+00   1.1250000E+02   3.5000000E+02   0.0000000E+00   1.0000000E+01   1.0000000E+02  -1.0000000E+00
  3.5300000E+01    69   2.2113000E+00   0.0000000E+00   0.0000000E+00   1.1250000E+02   3.5000000E+02   0.0000000E+00   1.0000000E+01   1.0000000E+02  -1.0000000E+00
  3.5300000E+01    70   2.2255000E+00   0.0000000E+00   0.0000000E+00   1.1250000E+02   3.5000000E+02   0.0000000E+00   1.0000000E+01   1.0000000E+02  -1.0000000E+00
  3.5300000E+01    71   2.2397000E+00   0.0000000E+00   0.0000000E+00   1.1250000E+02   3.5000000E+02   0.0000000E+00   1.0000000E+01   1.0000000E+02  -1.0000000E+00
  3.5300000E+01    72   2.2538000E+00   0.0000000E+00   0.0000000E+00   1.1250000E+02   3.5000000E+02   0.0000000E+00   1.0000000E+01   1.0000000E+02  -1.0000000E+00
  3.5300000E+01    73   2.2680000E+00   0.0000000E+00   0.0000000E+00   1.1250000E+02   3.5000000E+02   0.0000000E+00   1.0000000E+01   1.0000000E+02  -1.0000000E+00
  3.5300000E+01    74   2.2822000E+00   0.0000000E+00   0.0000000E+00   1.1250000E+02   3.5000000E+02   0.0000000E+00   1.0000000E+01   1.0000000E+02  -1.0000000E+00
  3.5300000E+01    75   2.2964000E+00   0.0000000E+00   0.0000000E+00   1.1250000E+02   3.5000000E+02   0.0000000E+00   1.0000000E+01   1.0000000E+02  -1.0000000E+00
  3.5300000E+01    76   2.3105000E+00   0.0000000E+00   0.0000000E+00   1.1250000E+02   3.5000000E+02   0.0000000E+00   1.0000000E+01   1.0000000E+02  -1.0000000E+00
  3.5300000E+01    77   2.3247000E+00   0.0000000E+00   0.0000000E+00   1.1250000E+02   3.5000000E+02   0.0000000E+00   1.0000000E+01   1.0000000E+02  -1.0000000E+00
  3.5300000E+01    78   2.3389000E+00   0.0000000E+00   0.0000000E+00   1.1250000E+02   3.5000000E+02   0.0000000E+00   1.0000000E+01   1.0000000E+02  -1.0000000E+00
  3.5300000E+01    79   2.3531000E+00   0.0000000E+00   0.0000000E+00   1.1250000E+02   3.5000000E+02   0.0000000E+00   1.0000000E+01   1.0000000E+02  -1.0000000E+00
  3.5300000E+01    80   2.3672000E+00   0.0000000E+00   0.0000000E+00   1.1250000E+02   3.5000000E+02   0.0000000E+00   1.0000000E+01   1.0000000E+02  -1.0000000E+00
  3.5300000E+01    81   2.3814000E+00   0.0000000E+00   0.0000000E+00   1.1250000E+02   3.5000000E+02   0.0000000E+00   1.0000000E+01   1.0000000E+02  -1.0000000E+00
  3.5300000E+01    82   2.3956000E+00   0.0000000E+00   0.0000000E+00   1.1250000E+02   3.5000000E+02   0.0000000E+00   1.0000000E+01   1.0000000E+02  -1.0000000E+00
  3.5300000E+01    83   2.4097000E+00   0.0000000E+00   0.0000000E+00   1.1250000E+02   3.5000000E+02   0.0000000E+00   1.0000000E+01   1.0000000E+02  -1.0000000E+00
  3.5300000E+01    84   2.4239000E+00   0.0000000E+00   0.0000000E+00   1.1250000E+02   3.5000000E+02   0.0000000E+00   1.0000000E+01   1.0000000E+02  -1.0000000E+00
  3.5300000E+01    85   2.4381000E+00   0.0000000E+00   0.0000000E+00   1.1250000E+02   3.5000000E+02   0.0000000E+00   1.0000000E+01   1.0000000E+02  -1.0000000E+00
  3.5300000E+01    86   2.4523000E+00   0.0000000E+00   0.0000000E+00   1.1250000E+02   3.5000000E+02   0.0000000E+00   1.0000000E+01   1.0000000E+02  -1.0000000E+00
  3.5300000E+01    87   2.4664000E+00   0.0000000E+00   0.0000000E+00   1.1250000E+02   3.5000000E+02   0.0000000E+00   1.0000000E+01   1.0000000E+02  -1.0000000E+00
  3.5300000E+01    88   2.4806000E+00   0.0000000E+00   0.0000000E+00   1.1250000E+02   3.5000000E+02   0.0000000E+00   1.0000000E+01   1.0000000E+02  -1.0000000E+00
  3.5300000E+01    89   2.4948000E+00   0.0000000E+00   0.0000000E+00   1.1250000E+02   3.5000000E+02   0.0000000E+00   1.0000000E+01   1.0000000E+02  -1.0000000E+00
  3.5300000E+01    90   2.5089000E+00   0.0000000E+00   0.0000000E+00   1.1250000E+02   3.5000000E+02   0.0000000E+00   1.0000000E+01   1.0000000E+02  -1.0000000E+00
  3.5300000E+01    91   2.5231000E+00   0.0000000E+00   0.0000000E+00   1.1250000E+02   3.5000000E+02   0.0000000E+00   1.0000000E+01   1.0000000E+02  -1.0000000E+00
  3.5300000E+01    92   2.5373000E+00   0.0000000E+00   0.0000000E+00   1.1250000E+02   3.5000000E+02   0.0000000E+00   1.0000000E+01   1.0000000E+02  -1.0000000E+00
  3.5300000E+01    93   2.5515000E+00   0.0000000E+00   0.0000000E+00   1.1250000E+02   3.5000000E+02   0.0000000E+00   1.0000000E+01   1.0000000E+02  -1.0000000E+00
  3.5300000E+01    94   2.5656000E+00   0.0000000E+00   0.0000000E+00   1.1250000E+02   3.5000000E+02   0.0000000E+00   1.0000000E+01   1.0000000E+02  -1.0000000E+00
  3.5300000E+01    95   2.5798000E+00   0.0000000E+00   0.0000000E+00   1.1250000E+02   3.5000000E+02   0.0000000E+00   1.0000000E+01   1.0000000E+02  -1.0000000E+00
  3.5300000E+01    96   2.5940000E+00   0.0000000E+00   0.0000000E+00   1.1250000E+02   3.5000000E+02   0.0000000E+00   1.0000000E+01   1.0000000E+02  -1.0000000E+00
  3.5300000E+01    97   2.6081000E+00   0.0000000E+00   0.0000000E+00   1.1250000E+02   3.5000000E+02   0.0000000E+00   1.0000000E+01   1.0000000E+02  -1.0000000E+00
  3.5300000E+01    98   2.6223000E+00   0.0000000E+00   0.0000000E+00   1.1250000E+02   3.5000000E+02   0.0000000E+00   1.0000000E+01   1.0000000E+02  -1.0000000E+00
  3.5300000E+01    99   2.6365000E+00   0.0000000E+00   0.0000000E+00   1.1250000E+02   3.5000000E+02   0.0000000E+00   1.0000000E+01   1.0000000E+02  -1.0000000E+00
  3.5300000E+01   100   2.6507000E+00   0.0000000E+00   0.0000000E+00   1.1250000E+02   3.5000000E+02   0.0000000E+00   1.0000000E+01   1.0000000E+02  -1.0000000E+00
  3.5300000E+01   101   2.6648000E+00   0.0000000E+00   0.0000000E+00   1.1250000E+02   3.5000000E+02   0.0000000E+00   1.0000000E+01   1.0000000E+02  -1.0000000E+00
  3.5300000E+01   102   2.6790000E+00   0.0000000E+00   0.0000000E+00   1.1250000E+02   3.5000000E+02   0.0000000E+00   1.0000000E+01   1.0000000E+02  -1.0000000E+00
