     1.2760D+00     0.0000D+00     0.0000D+00     1.1250D+02     3.5000D+02     0.0000D+00
     1.2902D+00     0.0000D+00     0.0000D+00     1.1250D+02     3.5000D+02     0.0000D+00
     1.3043D+00     0.0000D+00     0.0000D+00     1.1250D+02     3.5000D+02     0.0000D+00
     1.3185D+00     0.0000D+00     0.0000D+00     1.1250D+02     3.5000D+02     0.0000D+00
     1.3327D+00     0.0000D+00     0.0000D+00     1.1250D+02     3.5000D+02     0.0000D+00
     1.3469D+00     0.0000D+00     0.0000D+00     1.1250D+02     3.5000D+02     0.0000D+00
     1.3610D+00     0.0000D+00     0.0000D+00     1.1250D+02     3.5000D+02     0.0000D+00
     1.3752D+00     0.0000D+00     0.0000D+00     1.1250D+02     3.5000D+02     0.0000D+00
     1.3894D+00     0.0000D+00     0.0000D+00     1.1250D+02     3.5000D+02     0.0000D+00
     1.4035D+00     0.0000D+00     0.0000D+00     1.1250D+02     3.5000D+02     0.0000D+00
     1.4177D+00     0.0000D+00     0.0000D+00     1.1250D+02     3.5000D+02     0.0000D+00
     1.4319D+00     0.0000D+00     0.0000D+00     1.1250D+02     3.5000D+02     0.0000D+00
     1.4461D+00     0.0000D+00     0.0000D+00     1.1250D+02     3.5000D+02     0.0000D+00
     1.4602D+00     0.0000D+00     0.0000D+00     1.1250D+02     3.5000D+02     0.0000D+00
     1.4744D+00     0.0000D+00     0.0000D+00     1.1250D+02     3.5000D+02     0.0000D+00
     1.4886D+00     0.0000D+00     0.0000D+00     1.1250D+02     3.5000D+02     0.0000D+00
     1.5027D+00     0.0000D+00     0.0000D+00     1.1250D+02     3.5000D+02     0.0000D+00
     1.5169D+00     0.0000D+00     0.0000D+00     1.1250D+02     3.5000D+02     0.0000D+00
     1.5311D+00     0.0000D+00     0.0000D+00     1.1250D+02     3.5000D+02     0.0000D+00
     1.5453D+00     0.0000D+00     0.0000D+00     1.1250D+02     3.5000D+02     0.0000D+00
     1.5594D+00     0.0000D+00     0.0000D+00     1.1250D+02     3.5000D+02     0.0000D+00
     1.5736D+00     0.0000D+00     0.0000D+00     1.1250D+02     3.5000D+02     0.0000D+00
     1.5878D+00     0.0000D+00     0.0000D+00     1.1250D+02     3.5000D+02     0.0000D+00
     1.6019D+00     0.0000D+00     0.0000D+00     1.1250D+02     3.5000D+02     0.0000D+00
     1.6161D+00     0.0000D+00     0.0000D+00     1.1250D+02     3.5000D+02     0.0000D+00
     1.6303D+00     0.0000D+00     0.0000D+00     1.1250D+02     3.5000D+02     0.0000D+00
     1.6445D+00     0.0000D+00     0.0000D+00     1.1250D+02     3.5000D+02     0.0000D+00
     1.6586D+00     0.0000D+00     0.0000D+00     1.1250D+02     3.5000D+02     0.0000D+00
     1.6728D+00     0.0000D+00     0.0000D+00     1.1250D+02     3.5000D+02     0.0000D+00
     1.6870D+00     0.0000D+00     0.0000D+00     1.1250D+02     3.5000D+02     0.0000D+00
     1.7012D+00     0.0000D+00     0.0000D+00     1.1250D+02     3.5000D+02     0.0000D+00
     1.7153D+00     0.0000D+00     0.0000D+00     1.1250D+02     3.5000D+02     0.0000D+00
     1.7295D+00     0.0000D+00     0.0000D+00     1.1250D+02     3.5000D+02     0.0000D+00
     1.7437D+00     0.0000D+00     0.0000D+00     1.1250D+02     3.5000D+02     0.0000D+00
     1.7578D+00     0.0000D+00     0.0000D+00     1.1250D+02     3.5000D+02     0.0000D+00
     1.7720D+00     0.0000D+00     0.0000D+00     1.1250D+02     3.5000D+02     0.0000D+00
     1.7862D+00     0.0000D+00     0.0000D+00     1.1250D+02     3.5000D+02     0.0000D+00
     1.8004D+00     0.0000D+00     0.0000D+00     1.1250D+02     3.5000D+02     0.0000D+00
     1.8145D+00     0.0000D+00     0.0000D+00     1.1250D+02     3.5000D+02     0.0000D+00
     1.8287D+00     0.0000D+00     0.0000D+00     1.1250D+02     3.5000D+02     0.0000D+00
     1.8429D+00     0.0000D+00     0.0000D+00     1.1250D+02     3.5000D+02     0.0000D+00
     1.8570D+00     0.0000D+00     0.0000D+00     1.1250D+02     3.5000D+02     0.0000D+00
     1.8712D+00     0.0000D+00     0.0000D+00     1.1250D+02     3.5000D+02     0.0000D+00
     1.8854D+00     0.0000D+00     0.0000D+00     1.1250D+02     3.5000D+02     0.0000D+00
     1.8996D+00     0.0000D+00     0.0000D+00     1.1250D+02     3.5000D+02     0.0000D+00
     1.9137D+00     0.0000D+00     0.0000D+00     1.1250D+02     3.5000D+02     0.0000D+00
     1.9279D+00     0.0000D+00     0.0000D+00     1.1250D+02     3.5000D+02     0.0000D+00
     1.9421D+00     0.0000D+00     0.0000D+00     1.1250D+02     3.5000D+02     0.0000D+00
     1.9562D+00     0.0000D+00     0.0000D+00     1.1250D+02     3.5000D+02     0.0000D+00
     1.9704D+00     0.0000D+00     0.0000D+00     1.1250D+02     3.5000D+02     0.0000D+00
     1.9846D+00     0.0000D+00     0.0000D+00     1.1250D+02     3.5000D+02     0.0000D+00
     1.9988D+00     0.0000D+00     0.0000D+00     1.1250D+02     3.5000D+02     0.0000D+00
     2.0129D+00     0.0000D+00     0.0000D+00     1.1250D+02     3.5000D+02     0.0000D+00
     2.0271D+00     0.0000D+00     0.0000D+00     1.1250D+02     3.5000D+02     0.0000D+00
     2.0413D+00     0.0000D+00     0.0000D+00     1.1250D+02     3.5000D+02     0.0000D+00
     2.0554D+00     0.0000D+00     0.0000D+00     1.1250D+02     3.5000D+02     0.0000D+00
     2.0696D+00     0.0000D+00     0.0000D+00     1.1250D+02     3.5000D+02     0.0000D+00
     2.0838D+00     0.0000D+00     0.0000D+00     1.1250D+02     3.5000D+02     0.0000D+00
     2.0980D+00     0.0000D+00     0.0000D+00     1.1250D+02     3.5000D+02     0.0000D+00
     2.1121D+00     0.0000D+00     0.0000D+00     1.1250D+02     3.5000D+02     0.0000D+00
     2.1263D+00     0.0000D+00     0.0000D+00     1.1250D+02     3.5000D+02     0.0000D+00
     2.1405D+00     0.0000D+00     0.0000D+00     1.1250D+02     3.5000D+02     0.0000D+00
     2.1546D+00     0.0000D+00     0.0000D+00     1.1250D+02     3.5000D+02     0.0000D+00
     2.1688D+00     0.0000D+00     0.0000D+00     1.1250D+02     3.5000D+02     0.0000D+00
     2.1830D+00     0.0000D+00     0.0000D+00     1.1250D+02     3.5000D+02     0.0000D+00
     2.1972D+00     0.0000D+00     0.0000D+00     1.1250D+02     3.5000D+02     0.0000D+00
     2.2113D+00     0.0000D+00     0.0000D+00     1.1250D+02     3.5000D+02     0.0000D+00
     2.2255D+00     0.0000D+00     0.0000D+00     1.1250D+02     3.5000D+02     0.0000D+00
     2.2397D+00     0.0000D+00     0.0000D+00     1.1250D+02     3.5000D+02     0.0000D+00
     2.2538D+00     0.0000D+00     0.0000D+00     1.1250D+02     3.5000D+02     0.0000D+00
     2.2680D+00     0.0000D+00     0.0000D+00     1.1250D+02     3.5000D+02     0.0000D+00
     2.2822D+00     0.0000D+00     0.0000D+00     1.1250D+02     3.5000D+02     0.0000D+00
     2.2964D+00     0.0000D+00     0.0000D+00     1.1250D+02     3.5000D+02     0.0000D+00
     2.3105D+00     0.0000D+00     0.0000D+00     1.1250D+02     3.5000D+02     0.0000D+00
     2.3247D+00     0.0000D+00     0.0000D+00     1.1250D+02     3.5000D+02     0.0000D+00
     2.3389D+00     0.0000D+00     0.0000D+00     1.1250D+02     3.5000D+02     0.0000D+00
     2.3531D+00     0.0000D+00     0.0000D+00     1.1250D+02     3.5000D+02     0.0000D+00
     2.3672D+00     0.0000D+00     0.0000D+00     1.1250D+02     3.5000D+02     0.0000D+00
     2.3814D+00     0.0000D+00     0.0000D+00     1.1250D+02     3.5000D+02     0.0000D+00
     2.3956D+00     0.0000D+00     0.0000D+00     1.1250D+02     3.5000D+02     0.0000D+00
     2.4097D+00     0.0000D+00     0.0000D+00     1.1250D+02     3.5000D+02     0.0000D+00
     2.4239D+00     0.0000D+00     0.0000D+00     1.1250D+02     3.5000D+02     0.0000D+00
     2.4381D+00     0.0000D+00     0.0000D+00     1.1250D+02     3.5000D+02     0.0000D+00
     2.4523D+00     0.0000D+00     0.0000D+00     1.1250D+02     3.5000D+02     0.0000D+00
     2.4664D+00     0.0000D+00     0.0000D+00     1.1250D+02     3.5000D+02     0.0000D+00
     2.4806D+00     0.0000D+00     0.0000D+00     1.1250D+02     3.5000D+02     0.0000D+00
     2.4948D+00     0.0000D+00     0.0000D+00     1.1250D+02     3.5000D+02     0.0000D+00
     2.5089D+00     0.0000D+00     0.0000D+00     1.1250D+02     3.5000D+02     0.0000D+00
     2.5231D+00     0.0000D+00     0.0000D+00     1.1250D+02     3.5000D+02     0.0000D+00
     2.5373D+00     0.0000D+00     0.0000D+00     1.1250D+02     3.5000D+02     0.0000D+00
     2.5515D+00     0.0000D+00     0.0000D+00     1.1250D+02     3.5000D+02     0.0000D+00
     2.5656D+00     0.0000D+00     0.0000D+00     1.1250D+02     3.5000D+02     0.0000D+00
     2.5798D+00     0.0000D+00     0.0000D+00     1.1250D+02     3.5000D+02     0.0000D+00
     2.5940D+00     0.0000D+00     0.0000D+00     1.1250D+02     3.5000D+02     0.0000D+00
     2.6081D+00     0.0000D+00     0.0000D+00     1.1250D+02     3.5000D+02     0.0000D+00
     2.6223D+00     0.0000D+00     0.0000D+00     1.1250D+02     3.5000D+02     0.0000D+00
     2.6365D+00     0.0000D+00     0.0000D+00     1.1250D+02     3.5000D+02     0.0000D+00
     2.6507D+00     0.0000D+00     0.0000D+00     1.1250D+02     3.5000D+02     0.0000D+00
     2.6648D+00     0.0000D+00     0.0000D+00     1.1250D+02     3.5000D+02     0.0000D+00
     2.6790D+00     0.0000D+00     0.0000D+00     1.1250D+02     3.5000D+02     0.0000D+00
