  0.0000000E+00     1  -6.0953744E-01   5.5362517E-01   1.8316132E+00  -9.3730302E-01  -6.6647822E+00   1.6995190E+00
  0.0000000E+00     2   2.5148436E-01  -4.6216739E-01  -1.1083229E+00  -4.1268908E+00  -5.1565765E+00   1.7969703E+00
  1.1360000E-02     1  -6.1980168E-01   4.7758289E-01   1.8497702E+00  -8.6959733E-01  -6.7215403E+00   1.4968168E+00
  1.1360000E-02     2   2.0421992E-01  -5.1986257E-01  -1.0859772E+00  -4.1917106E+00  -4.9969249E+00   2.1367041E+00
  2.2720000E-02     1  -6.2929078E-01   4.0094381E-01   1.8656145E+00  -8.0085869E-01  -6.7698374E+00   1.2924195E+00
  2.2720000E-02     2   1.5630916E-01  -5.7560487E-01  -1.0597902E+00  -4.2405647E+00  -4.8128140E+00   2.4729477E+00
  3.4080000E-02     1  -6.3799385E-01   3.2380453E-01   1.8791292E+00  -7.3123690E-01  -6.8095934E+00   1.0867681E+00
  3.4080000E-02     2   1.0793712E-01  -6.2911868E-01  -1.0298118E+00  -4.2728291E+00  -4.6046723E+00   2.8039238E+00
  4.5440000E-02     1  -6.4590171E-01   2.4626237E-01   1.8903028E+00  -6.6088440E-01  -6.8407618E+00   8.8030618E-01
  4.5440000E-02     2   5.9295228E-02  -6.8013440E-01  -9.9611166E-01  -4.2880008E+00  -4.3731317E+00   3.1278777E+00
  5.6800000E-02     1  -6.5300696E-01   1.6841499E-01   1.8991284E+00  -5.8995516E-01  -6.8633304E+00   6.7347621E-01
  5.6800000E-02     2   1.0579909E-02  -7.2839070E-01  -9.5877939E-01  -4.2857037E+00  -4.1190099E+00   3.4431140E+00
  6.8160000E-02     1  -6.5930390E-01   9.0359996E-02   1.9056044E+00  -5.1860367E-01  -6.8773204E+00   4.6671712E-01
  6.8160000E-02     2  -3.8008853E-02  -7.7363650E-01  -9.1792321E-01  -4.2656885E+00  -3.8432886E+00   3.7480276E+00
  7.9520000E-02     1  -6.6478862E-01   1.2194557E-02   1.9097341E+00  -4.4698384E-01  -6.8827859E+00   2.6046107E-01
  7.9520000E-02     2  -8.6268946E-02  -8.1563265E-01  -8.7366895E-01  -4.2278279E+00  -3.5470862E+00   4.0411305E+00
  9.0880000E-02     1  -6.6945893E-01  -6.5984941E-02   1.9115256E+00  -3.7524805E-01  -6.8798126E+00   5.5130784E-02
  9.0880000E-02     2  -1.3399746E-01  -8.5415338E-01  -8.2615858E-01  -4.1721060E+00  -3.2316301E+00   4.3210721E+00
  1.0224000E-01     1  -6.7331438E-01  -1.4408327E-01   1.9109917E+00  -3.0354609E-01  -6.8685168E+00  -1.4886304E-01
  1.0224000E-01     2  -1.8099186E-01  -8.8898733E-01  -7.7554859E-01  -4.0986053E+00  -2.8982283E+00   4.5866518E+00
  1.1360000E-01     1  -6.7635618E-01  -2.2200667E-01   1.9081500E+00  -2.3202433E-01  -6.8490432E+00  -3.5112415E-01
  1.1360000E-01     2  -2.2705106E-01  -9.1993833E-01  -7.2200821E-01  -4.0074889E+00  -2.5482437E+00   4.8368254E+00
  1.2496000E-01     1  -6.7858719E-01  -2.9966321E-01   1.9030222E+00  -1.6082485E-01  -6.8215636E+00  -5.5127287E-01
  1.2496000E-01     2  -2.7197615E-01  -9.4682591E-01  -6.6571764E-01  -3.8989827E+00  -2.1830724E+00   5.0707042E+00
  1.3632000E-01     1  -6.8001186E-01  -3.7696302E-01   1.8956344E+00  -9.0084666E-02  -6.7862744E+00  -7.4894802E-01
  1.3632000E-01     2  -3.1557111E-01  -9.6948558E-01  -6.0686633E-01  -3.7733562E+00  -1.8041285E+00   5.2875495E+00
  1.4768000E-01     1  -6.8063615E-01  -4.5381862E-01   1.8860168E+00  -1.9935090E-02  -6.7433944E+00  -9.4380856E-01
  1.4768000E-01     2  -3.5764309E-01  -9.8776896E-01  -5.4565130E-01  -3.6309045E+00  -1.4128365E+00   5.4867622E+00
  1.5904000E-01     1  -6.8046750E-01  -5.3014510E-01   1.8742030E+00   4.9498874E-02  -6.6931627E+00  -1.1355350E+00
  1.5904000E-01     2  -3.9800270E-01  -1.0015439E+00  -4.8227567E-01  -3.4719314E+00  -1.0106331E+00   5.6678693E+00
  1.7040000E-01     1  -6.7951470E-01  -6.0586040E-01   1.8602304E+00   1.1809899E-01  -6.6358357E+00  -1.3238302E+00
  1.7040000E-01     2  -4.3646395E-01  -1.0106947E+00  -4.1694726E-01  -3.2967358E+00  -5.9897997E-01   5.8305091E+00
  1.8176000E-01     1  -6.7778787E-01  -6.8088545E-01   1.8441396E+00   1.8575420E-01  -6.5716850E+00  -1.5084209E+00
  1.8176000E-01     2  -4.7284418E-01  -1.0151227E+00  -3.4987745E-01  -3.1056013E+00  -1.7939071E-01   5.9744156E+00
  1.9312000E-01     1  -6.7529833E-01  -7.5514432E-01   1.8259741E+00   2.5236086E-01  -6.5009947E+00  -1.6890574E+00
  1.9312000E-01     2  -5.0696385E-01  -1.0147465E+00  -2.8128019E-01  -2.8987907E+00   2.4652775E-01   6.0994015E+00
  2.0448000E-01     1  -6.7205856E-01  -8.2856440E-01   1.8057800E+00   3.1782299E-01  -6.4240586E+00  -1.8655145E+00
  2.0448000E-01     2  -5.3864626E-01  -1.0095042E+00  -2.1137118E-01  -2.6765452E+00   6.7701391E-01   6.2053408E+00
  2.1584000E-01     1  -6.6808207E-01  -9.0107642E-01   1.7836062E+00   3.8205230E-01  -6.3411780E+00  -2.0375911E+00
  2.1584000E-01     2  -5.6771737E-01  -9.9935500E-01  -1.4036730E-01  -2.4390915E+00   1.1100686E+00   6.2921463E+00
  2.2720000E-01     1  -6.6338331E-01  -9.7261461E-01   1.7595032E+00   4.4496825E-01  -6.2526587E+00  -2.2051101E+00
  2.2720000E-01     2  -5.9400569E-01  -9.8428257E-01  -6.8486370E-02  -2.1866576E+00   1.5433470E+00   6.3597358E+00
  2.3856000E-01     1  -6.5797764E-01  -1.0431166E+00   1.7335239E+00   5.0649796E-01  -6.1588087E+00  -2.3679178E+00
  2.3856000E-01     2  -6.1734247E-01  -9.6429992E-01   4.0526446E-03  -1.9195002E+00   1.9740257E+00   6.4079755E+00
  2.4992000E-01     1  -6.5188117E-01  -1.1125237E+00   1.7057225E+00   5.6657611E-01  -6.0599356E+00  -2.5258826E+00
  2.4992000E-01     2  -6.3756222E-01  -9.3945551E-01   7.7028527E-02  -1.6379490E+00   2.3986551E+00   6.4365818E+00
  2.6128000E-01     1  -6.4511074E-01  -1.1807805E+00   1.6761546E+00   6.2514478E-01  -5.9563444E+00  -2.6788932E+00
  2.6128000E-01     2  -6.5450392E-01  -9.0984122E-01   1.5021524E-01  -1.3424738E+00   2.8130237E+00   6.4449552E+00
  2.7264000E-01     1  -6.3768379E-01  -1.2478351E+00   1.6448771E+00   6.8215332E-01  -5.8483357E+00  -2.8268566E+00
  2.7264000E-01     2  -6.6801312E-01  -8.7560144E-01   2.2337698E-01  -1.0337810E+00   3.2120964E+00   6.4319258E+00
  2.8400000E-01     1  -6.2961829E-01  -1.3136391E+00   1.6119478E+00   7.3755842E-01  -5.7362049E+00  -2.9696946E+00
  2.8400000E-01     2  -6.7794538E-01  -8.3694201E-01   2.9625985E-01  -7.1294741E-01   3.5901308E+00   6.3954174E+00
  2.9536000E-01     1  -6.2093267E-01  -1.3781472E+00   1.5774253E+00   7.9132411E-01  -5.6202428E+00  -3.1073405E+00
  2.9536000E-01     2  -6.8417133E-01  -7.9413619E-01   3.6857959E-01  -3.8158378E-01   3.9411089E+00   6.3321179E+00
  3.0672000E-01     1  -6.1164573E-01  -1.4413176E+00   1.5413689E+00   8.4342212E-01  -5.5007380E+00  -3.2397369E+00
  3.0672000E-01     2  -6.8658372E-01  -7.4752338E-01   4.4000661E-01  -4.1997598E-02   4.2595662E+00   6.2373717E+00
  3.1808000E-01     1  -6.0177652E-01  -1.5031117E+00   1.5038386E+00   8.9383190E-01  -5.3779812E+00  -3.3668353E+00
  3.1808000E-01     2  -6.8510600E-01  -6.9749673E-01   5.1015245E-01   3.0271588E-01   4.5416981E+00   6.1055979E+00
  3.2944000E-01     1  -5.9134431E-01  -1.5634941E+00   1.4648946E+00   9.4254036E-01  -5.2522673E+00  -3.4886002E+00
  3.2944000E-01     2  -6.7970097E-01  -6.4447848E-01   5.7856495E-01   6.4874766E-01   4.7863001E+00   5.9314066E+00
  3.4080000E-01     1  -5.8036847E-01  -1.6224331E+00   1.4245978E+00   9.8954085E-01  -5.1238946E+00  -3.6050146E+00
  3.4080000E-01     2  -6.7037750E-01  -5.8888836E-01   6.4473913E-01   9.9186334E-01   4.9949588E+00   5.7111372E+00
  3.5216000E-01     1  -5.6886841E-01  -1.6799001E+00   1.3830089E+00   1.0348318E+00  -4.9931598E+00  -3.7160857E+00
  3.5216000E-01     2  -6.5719293E-01  -5.3111564E-01   7.0814444E-01   1.3278400E+00   5.1712528E+00   5.4440909E+00
  3.6352000E-01     1  -5.5686356E-01  -1.7358698E+00   1.3401885E+00   1.0784150E+00  -4.8603494E+00  -3.8218455E+00
  3.6352000E-01     2  -6.4025045E-01  -4.7150406E-01   7.6826102E-01   1.6528874E+00   5.3193825E+00   5.1328007E+00
  3.7488000E-01     1  -5.4437327E-01  -1.7903204E+00   1.2961965E+00   1.1202955E+00  -4.7257341E+00  -3.9223471E+00
  3.7488000E-01     2  -6.1969254E-01  -4.1035204E-01   8.2461306E-01   1.9639080E+00   5.4429725E+00   4.7823083E+00
  3.8624000E-01     1  -5.3141686E-01  -1.8432326E+00   1.2510924E+00   1.1604803E+00  -4.5895655E+00  -4.0176595E+00
  3.8624000E-01     2  -5.9569253E-01  -3.4792312E-01   8.7679069E-01   2.2585595E+00   5.5445009E+00   4.3989765E+00
  3.9760000E-01     1  -5.1801354E-01  -1.8945903E+00   1.2049347E+00   1.1989795E+00  -4.4520767E+00  -4.1078615E+00
  3.9760000E-01     2  -5.6844642E-01  -2.8445931E-01   9.2445855E-01   2.5351784E+00   5.6253185E+00   3.9894148E+00
  4.0896000E-01     1  -5.0418239E-01  -1.9443796E+00   1.1577808E+00   1.2358055E+00  -4.3134843E+00  -4.1930384E+00
  4.0896000E-01     2  -5.3816585E-01  -2.2019221E-01   9.6735433E-01   2.7926470E+00   5.6859659E+00   3.5597923E+00
  4.2032000E-01     1  -4.8994232E-01  -1.9925893E+00   1.1096875E+00   1.2709739E+00  -4.1739908E+00  -4.2732798E+00
  4.2032000E-01     2  -5.0507271E-01  -1.5535018E-01   1.0052817E+00   3.0302587E+00   5.7265306E+00   3.1155299E+00
  4.3168000E-01     1  -4.7531207E-01  -2.0392100E+00   1.0607102E+00   1.3045026E+00  -4.0337861E+00  -4.3486785E+00
  4.3168000E-01     2  -4.6939513E-01  -9.0161822E-02   1.0381013E+00   3.2476047E+00   5.7469218E+00   2.6612445E+00
  4.4304000E-01     1  -4.6031015E-01  -2.0842349E+00   1.0109035E+00   1.3364121E+00  -3.8930495E+00  -4.4193298E+00
  4.4304000E-01     2  -4.3136463E-01  -2.4856900E-02   1.0657220E+00   3.4444890E+00   5.7470398E+00   2.2008213E+00
  4.5440000E-01     1  -4.4495483E-01  -2.1276587E+00   9.6032068E-01   1.3667252E+00  -3.7519498E+00  -4.4853318E+00
  4.5440000E-01     2  -3.9121401E-01   4.0334062E-02   1.0880932E+00   3.6208659E+00   5.7268639E+00   1.7375326E+00
  4.6576000E-01     1  -4.2926411E-01  -2.1694784E+00   9.0901400E-01   1.3954664E+00  -3.6106465E+00  -4.5467844E+00
  4.6576000E-01     2  -3.4917599E-01   1.0518093E-01   1.1051985E+00   3.7767963E+00   5.6864861E+00   1.2741590E+00
  4.7712000E-01     1  -4.1325569E-01  -2.2096924E+00   8.5703458E-01   1.4226622E+00  -3.4692895E+00  -4.6037897E+00
  4.7712000E-01     2  -3.0548211E-01   1.6945532E-01   1.1170509E+00   3.9124180E+00   5.6261187E+00   8.1309680E-01
  4.8848000E-01     1  -3.9694697E-01  -2.2483010E+00   8.0443235E-01   1.4483402E+00  -3.3280202E+00  -4.6564512E+00
  4.8848000E-01     2  -2.6036202E-01   2.3293188E-01   1.1236888E+00   4.0279256E+00   5.5460870E+00   3.5644503E-01
  4.9984000E-01     1  -3.8035504E-01  -2.2853059E+00   7.5125606E-01   1.4725294E+00  -3.1869710E+00  -4.7048736E+00
  4.9984000E-01     2  -2.1404290E-01   2.9538956E-01   1.1251731E+00   4.1235582E+00   5.4468195E+00  -9.3926418E-02
  5.1120000E-01     1  -3.6349663E-01  -2.3207103E+00   6.9755327E-01   1.4952596E+00  -3.0462660E+00  -4.7491625E+00
  5.1120000E-01     2  -1.6674900E-01   3.5661274E-01   1.1215850E+00   4.1995925E+00   5.3288370E+00  -5.3632532E-01
  5.2256000E-01     1  -3.4638815E-01  -2.3545188E+00   6.4337034E-01   1.5165614E+00  -2.9060214E+00  -4.7894241E+00
  5.2256000E-01     2  -1.1870120E-01   4.1639215E-01   1.1130239E+00   4.2563397E+00   5.1927435E+00  -9.6919934E-01
  5.3392000E-01     1  -3.2904564E-01  -2.3867372E+00   5.8875240E-01   1.5364662E+00  -2.7663453E+00  -4.8257648E+00
  5.3392000E-01     2  -7.0116689E-02   4.7452586E-01   1.0996063E+00   4.2941449E+00   5.0392194E+00  -1.3911091E+00
  5.4528000E-01     1  -3.1148480E-01  -2.4173727E+00   5.3374341E-01   1.5550057E+00  -2.6273383E+00  -4.8582905E+00
  5.4528000E-01     2  -2.1208519E-02   5.3082005E-01   1.0814645E+00   4.3133885E+00   4.8690163E+00  -1.8007102E+00
  5.5664000E-01     1  -2.9372096E-01  -2.4464332E+00   4.7838609E-01   1.5722117E+00  -2.4890938E+00  -4.8871072E+00
  5.5664000E-01     2   2.7814789E-02   5.8508984E-01   1.0587455E+00   4.3144886E+00   4.6829521E+00  -2.1967417E+00
  5.6800000E-01     1  -2.7576908E-01  -2.4739281E+00   4.2272198E-01   1.5881166E+00  -2.3516982E+00  -4.9123198E+00
  5.6800000E-01     2   7.6749687E-02   6.3715999E-01   1.0316104E+00   4.2979032E+00   4.4819075E+00  -2.5780201E+00
  5.7936000E-01     1  -2.5764376E-01  -2.4998674E+00   3.6679143E-01   1.6027523E+00  -2.2152315E+00  -4.9340323E+00
  5.7936000E-01     2   1.2539807E-01   6.8686560E-01   1.0002330E+00   4.2641332E+00   4.2668219E+00  -2.9434378E+00
  5.9072000E-01     1  -2.3935923E-01  -2.5242620E+00   3.1063363E-01   1.6161512E+00  -2.0797671E+00  -4.9523475E+00
  5.9072000E-01     2   1.7356778E-01   7.3405277E-01   9.6479945E-01   4.2137240E+00   4.0386891E+00  -3.2919639E+00
  6.0208000E-01     1  -2.2092937E-01  -2.5471237E+00   2.5428658E-01   1.6283451E+00  -1.9453726E+00  -4.9673670E+00
  6.0208000E-01     2   2.2107311E-01   7.7857916E-01   9.2550715E-01   4.1472666E+00   3.7985517E+00  -3.6226474E+00
  6.1344000E-01     1  -2.0236767E-01  -2.5684651E+00   1.9778715E-01   1.6393658E+00  -1.8121098E+00  -4.9791906E+00
  6.1344000E-01     2   2.6773532E-01   8.2031451E-01   8.8256376E-01   4.0653983E+00   3.5474955E+00  -3.9346220E+00
  6.2480000E-01     1  -1.8368730E-01  -2.5882993E+00   1.4117110E-01   1.6492448E+00  -1.6800352E+00  -4.9879166E+00
  6.2480000E-01     2   3.1338318E-01   8.5914115E-01   8.3618633E-01   3.9688010E+00   3.2866421E+00  -4.2271110E+00
  6.3616000E-01     1  -1.6490104E-01  -2.6066402E+00   8.4473052E-02   1.6580132E+00  -1.5492002E+00  -4.9936412E+00
  6.3616000E-01     2   3.5785344E-01   8.9495427E-01   7.8660018E-01   3.8581996E+00   3.0171409E+00  -4.4994326E+00
  6.4752000E-01     1  -1.4602133E-01  -2.6235020E+00   2.7726576E-02   1.6657015E+00  -1.4196514E+00  -4.9964589E+00
  6.4752000E-01     2   4.0099133E-01   9.2766227E-01   7.3403781E-01   3.7343584E+00   2.7401597E+00  -4.7510042E+00
  6.5888000E-01     1  -1.2706027E-01  -2.6388997E+00  -2.9035837E-02   1.6723400E+00  -1.2914309E+00  -4.9964621E+00
  6.5888000E-01     2   4.4265095E-01   9.5718684E-01   6.7873776E-01   3.5980765E+00   2.4568760E+00  -4.9813463E+00
  6.7024000E-01     1  -1.0802963E-01  -2.6528485E+00  -8.5782727E-02   1.6779584E+00  -1.1645764E+00  -4.9937410E+00
  6.7024000E-01     2   4.8269565E-01   9.8346308E-01   6.2094344E-01   3.4501825E+00   2.1684666E+00  -5.1900848E+00
  6.8160000E-01     1  -8.8940813E-02  -2.6653642E+00  -1.4248365E-01   1.6825857E+00  -1.0391220E+00  -4.9883839E+00
  6.8160000E-01     2   5.2099835E-01   1.0064394E+00   5.6090187E-01   3.2915285E+00   1.8760974E+00  -5.3769516E+00
  6.9296000E-01     1  -6.9804925E-02  -2.6764628E+00  -1.9910915E-01   1.6862505E+00  -9.1509762E-01  -4.9804765E+00
  6.9296000E-01     2   5.5744172E-01   1.0260774E+00   4.9886255E-01   3.1229826E+00   1.5809141E+00  -5.5417843E+00
  7.0432000E-01     1  -5.0632740E-02  -2.6861607E+00  -2.5563074E-01   1.6889807E+00  -7.9252996E-01  -4.9701025E+00
  7.0432000E-01     2   5.9191838E-01   1.0423514E+00   4.3507621E-01   2.9454225E+00   1.2840326E+00  -5.6845232E+00
  7.1568000E-01     1  -3.1434718E-02  -2.6944747E+00  -3.1202085E-01   1.6908037E+00  -6.7144236E-01  -4.9573435E+00
  7.1568000E-01     2   6.2433092E-01   1.0552482E+00   3.6979371E-01   2.7597278E+00   9.8653047E-01  -5.8052073E+00
  7.2704000E-01     1  -1.2221014E-02  -2.7014216E+00  -3.6825285E-01   1.6917461E+00  -5.5185513E-01  -4.9422784E+00
  7.2704000E-01     2   6.5459191E-01   1.0647669E+00   3.0326492E-01   2.5667728E+00   6.8943932E-01  -5.9039691E+00
  7.3840000E-01     1   6.9985163E-03  -2.7070186E+00  -4.2430097E-01   1.6918338E+00  -4.3378576E-01  -4.9249841E+00
  7.3840000E-01     2   6.8262378E-01   1.0709176E+00   2.3573772E-01   2.3674199E+00   3.9373841E-01  -5.9810269E+00
  7.4976000E-01     1   2.6214310E-02  -2.7112830E+00  -4.8014033E-01   1.6910924E+00  -3.1724907E-01  -4.9055352E+00
  7.4976000E-01     2   7.0835866E-01   1.0737214E+00   1.6745706E-01   2.1625132E+00   1.0034938E-01  -6.0366774E+00
  7.6112000E-01     1   4.5417088E-02  -2.7142323E+00  -5.3574685E-01   1.6895463E+00  -2.0225744E-01  -4.8840041E+00
  7.6112000E-01     2   7.3173816E-01   1.0732095E+00   9.8664098E-02   1.9528730E+00  -1.8986761E-01  -6.0712866E+00
  7.7248000E-01     1   6.4597847E-02  -2.7158842E+00  -5.9109728E-01   1.6872197E+00  -8.8821002E-02  -4.8604607E+00
  7.7248000E-01     2   7.5271301E-01   1.0694226E+00   2.9595499E-02   1.7392907E+00  -4.7611639E-01  -6.0852804E+00
  7.8384000E-01     1   8.3747854E-02  -2.7162563E+00  -6.4616916E-01   1.6841360E+00   2.3052246E-02  -4.8349730E+00
  7.8384000E-01     2   7.7124279E-01   1.0624100E+00  -3.9517207E-02   1.5225251E+00  -7.5766601E-01  -6.0791349E+00
  7.9520000E-01     1   1.0285863E-01  -2.7153664E+00  -7.0094076E-01   1.6803176E+00   1.3335623E-01  -4.8076066E+00
  7.9520000E-01     2   7.8729547E-01   1.0522288E+00  -1.0844814E-01   1.3032991E+00  -1.0338507E+00  -6.0533664E+00
  8.0656000E-01     1   1.2192197E-01  -2.7132324E+00  -7.5539110E-01   1.6757868E+00   2.4208668E-01  -4.7784251E+00
  8.0656000E-01     2   8.0084703E-01   1.0389435E+00  -1.7697746E-01   1.0822979E+00  -1.3040686E+00  -6.0085225E+00
  8.1792000E-01     1   1.4092989E-01  -2.7098721E+00  -8.0949993E-01   1.6705647E+00   3.4924096E-01  -4.7474897E+00
  8.1792000E-01     2   8.1188101E-01   1.0226250E+00  -2.4489169E-01   8.6016762E-01  -1.5677796E+00  -5.9451724E+00
  8.2928000E-01     1   1.5987466E-01  -2.7053036E+00  -8.6324765E-01   1.6646721E+00   4.5481794E-01  -4.7148598E+00
  8.2928000E-01     2   8.2038806E-01   1.0033500E+00  -3.1198390E-01   6.3751506E-01  -1.8245024E+00  -5.8638984E+00
  8.4064000E-01     1   1.7874878E-01  -2.6995446E+00  -9.1661535E-01   1.6581290E+00   5.5881791E-01  -4.6805927E+00
  8.4064000E-01     2   8.2636553E-01   9.8120038E-01  -3.7805382E-01   4.1490806E-01  -2.0738103E+00  -5.7652886E+00
  8.5200000E-01     1   1.9754496E-01  -2.6926132E+00  -9.6958473E-01   1.6509548E+00   6.6124238E-01  -4.6447437E+00
  8.5200000E-01     2   8.2981696E-01   9.5626254E-01  -4.4290783E-01   1.9287686E-01  -2.3153270E+00  -5.6499289E+00
  8.6336000E-01     1   2.1625615E-01  -2.6845272E+00  -1.0221381E+00   1.6431683E+00   7.6209405E-01  -4.6073660E+00
  8.6336000E-01     2   8.3075175E-01   9.2862691E-01  -5.0635897E-01  -2.8084039E-02  -2.5487216E+00  -5.5183981E+00
  8.7472000E-01     1   2.3487550E-01  -2.6753044E+00  -1.0742585E+00   1.6347876E+00   8.6137666E-01  -4.5685111E+00
  8.7472000E-01     2   8.2918469E-01   8.9838744E-01  -5.6822675E-01  -2.4751332E-01  -2.7737034E+00  -5.3712615E+00
  8.8608000E-01     1   2.5339635E-01  -2.6649626E+00  -1.1259293E+00   1.6258303E+00   9.5909489E-01  -4.5282284E+00
  8.8608000E-01     2   8.2513568E-01   8.6564120E-01  -6.2833702E-01  -4.6497982E-01  -2.9900163E+00  -5.2090676E+00
  8.9744000E-01     1   2.7181224E-01  -2.6535196E+00  -1.1771346E+00   1.6163133E+00   1.0552543E+00  -4.4865658E+00
  8.9744000E-01     2   8.1862932E-01   8.3048796E-01  -6.8652175E-01  -6.8007903E-01  -3.1974331E+00  -5.0323441E+00
  9.0880000E-01     1   2.9011693E-01  -2.6409931E+00  -1.2278590E+00   1.6062529E+00   1.1498612E+00  -4.4435691E+00
  9.0880000E-01     2   8.0969470E-01   7.9302998E-01  -7.4261877E-01  -8.9242914E-01  -3.3957501E+00  -4.8415963E+00
  9.2016000E-01     1   3.0830431E-01  -2.6274006E+00  -1.2780876E+00   1.5956649E+00   1.2429226E+00  -4.3992827E+00
  9.2016000E-01     2   7.9836512E-01   7.5337168E-01  -7.9647153E-01  -1.1016667E+00  -3.5847810E+00  -4.6373052E+00
  9.3152000E-01     1   3.2636849E-01  -2.6127597E+00  -1.3278060E+00   1.5845645E+00   1.3344461E+00  -4.3537491E+00
  9.3152000E-01     2   7.8467794E-01   7.1161958E-01  -8.4792879E-01  -1.3074422E+00  -3.7643513E+00  -4.4199277E+00
  9.4288000E-01     1   3.4430373E-01  -2.5970878E+00  -1.3770002E+00   1.5729664E+00   1.4244399E+00  -4.3070092E+00
  9.4288000E-01     2   7.6867443E-01   6.6788208E-01  -8.9684438E-01  -1.5094147E+00  -3.9342928E+00  -4.1898969E+00
  9.5424000E-01     1   3.6210446E-01  -2.5804022E+00  -1.4256568E+00   1.5608847E+00   1.5129127E+00  -4.2591024E+00
  9.5424000E-01     2   7.5039971E-01   6.2226954E-01  -9.4307690E-01  -1.7072470E+00  -4.0944379E+00  -3.9476240E+00
  9.6560000E-01     1   3.7976525E-01  -2.5627202E+00  -1.4737628E+00   1.5483330E+00   1.5998736E+00  -4.2100666E+00
  9.6560000E-01     2   7.2990274E-01   5.7489420E-01  -9.8648952E-01  -1.9005996E+00  -4.2446138E+00  -3.6935012E+00
  9.7696000E-01     1   3.9728085E-01  -2.5440588E+00  -1.5213054E+00   1.5353242E+00   1.6853320E+00  -4.1599379E+00
  9.7696000E-01     2   7.0723637E-01   5.2587035E-01  -1.0269498E+00  -2.0891255E+00  -4.3846374E+00  -3.4279054E+00
  9.8832000E-01     1   4.1464614E-01  -2.5244351E+00  -1.5682726E+00   1.5218710E+00   1.7692976E+00  -4.1087515E+00
  9.8832000E-01     2   6.8245745E-01   4.7531444E-01  -1.0643295E+00  -2.2724631E+00  -4.5143094E+00  -3.1512039E+00
  9.9968000E-01     1   4.3185612E-01  -2.5038660E+00  -1.6146524E+00   1.5079854E+00   1.8517805E+00  -4.0565405E+00
  9.9968000E-01     2   6.5562709E-01   4.2334528E-01  -1.0985045E+00  -2.4502306E+00  -4.6334088E+00  -2.8637601E+00
  1.0110400E+00     1   4.4890597E-01  -2.4823682E+00  -1.6604334E+00   1.4936789E+00   1.9327909E+00  -4.0033373E+00
  1.0110400E+00     2   6.2681085E-01   3.7008436E-01  -1.1293548E+00  -2.6220186E+00  -4.7416869E+00  -2.5659423E+00
  1.0224000E+00     1   4.6579096E-01  -2.4599585E+00  -1.7056045E+00   1.4789624E+00   2.0123390E+00  -3.9491723E+00
  1.0224000E+00     2   5.9607915E-01   3.1565619E-01  -1.1567648E+00  -2.7873831E+00  -4.8388614E+00  -2.2581327E+00
  1.0337600E+00     1   4.8250649E-01  -2.4366534E+00  -1.7501551E+00   1.4638466E+00   2.0904355E+00  -3.8940752E+00
  1.0337600E+00     2   5.6350767E-01   2.6018869E-01  -1.1806233E+00  -2.9458387E+00  -4.9246099E+00  -1.9407387E+00
  1.0451200E+00     1   4.9904808E-01  -2.4124692E+00  -1.7940745E+00   1.4483414E+00   2.1670907E+00  -3.8380740E+00
  1.0451200E+00     2   5.2917787E-01   2.0381371E-01  -1.2008238E+00  -3.0968513E+00  -4.9985628E+00  -1.6142059E+00
  1.0564800E+00     1   5.1541136E-01  -2.3874225E+00  -1.8373528E+00   1.4324563E+00   2.2423151E+00  -3.7811955E+00
  1.0564800E+00     2   4.9317761E-01   1.4666761E-01  -1.2172653E+00  -3.2398317E+00  -5.0602960E+00  -1.2790325E+00
  1.0678400E+00     1   5.3159208E-01  -2.3615292E+00  -1.8799800E+00   1.4162004E+00   2.3161191E+00  -3.7234654E+00
  1.0678400E+00     2   4.5560176E-01   8.8891894E-02  -1.2298528E+00  -3.3741297E+00  -5.1093225E+00  -9.3578479E-01
  1.0792000E+00     1   5.4758607E-01  -2.3348056E+00  -1.9219468E+00   1.3995822E+00   2.3885129E+00  -3.6649083E+00
  1.0792000E+00     2   4.1655296E-01   3.0634020E-02  -1.2384982E+00  -3.4990302E+00  -5.1450839E+00  -5.8511449E-01
  1.0905600E+00     1   5.6338925E-01  -2.3072675E+00  -1.9632437E+00   1.3826098E+00   2.4595063E+00  -3.6055474E+00
  1.0905600E+00     2   3.7614233E-01  -2.7951773E-02  -1.2431214E+00  -3.6137522E+00  -5.1669411E+00  -2.2777483E-01
  1.1019200E+00     1   5.7899765E-01  -2.2789309E+00  -2.0038619E+00   1.3652908E+00   2.5291089E+00  -3.5454050E+00
  1.1019200E+00     2   3.3449024E-01  -8.6703484E-02  -1.2436513E+00  -3.7174513E+00  -5.1741654E+00   1.3536393E-01
  1.1132800E+00     1   5.9440737E-01  -2.2498114E+00  -2.0437924E+00   1.3476324E+00   2.5973298E+00  -3.4845023E+00
  1.1132800E+00     2   2.9172698E-01  -1.4545029E-01  -1.2400277E+00  -3.8092284E+00  -5.1659321E+00   5.0330226E-01
  1.1246400E+00     1   6.0961460E-01  -2.2199247E+00  -2.0830269E+00   1.3296416E+00   2.6641772E+00  -3.4228596E+00
  1.1246400E+00     2   2.4799327E-01  -2.0401144E-01  -1.2322024E+00  -3.8881451E+00  -5.1413162E+00   8.7490432E-01
  1.1360000E+00     1   6.2461559E-01  -2.1892865E+00  -2.1215571E+00   1.3113248E+00   2.7296591E+00  -3.3604966E+00
  1.1360000E+00     2   2.0344063E-01  -2.6219511E-01  -1.2201408E+00  -3.9532477E+00  -5.0992967E+00   1.2488983E+00
  1.1473600E+00     1   6.3940669E-01  -2.1579120E+00  -2.1593748E+00   1.2926886E+00   2.7937822E+00  -3.2974322E+00
  1.1473600E+00     2   1.5823134E-01  -3.1979739E-01  -1.2038237E+00  -4.0036005E+00  -5.0387704E+00   1.6238855E+00
  1.1587200E+00     1   6.5398429E-01  -2.1258168E+00  -2.1964722E+00   1.2737394E+00   2.8565527E+00  -3.2336847E+00
  1.1587200E+00     2   1.1253802E-01  -3.7660151E-01  -1.1832481E+00  -4.0383257E+00  -4.9585811E+00   1.9983592E+00
  1.1700800E+00     1   6.6834489E-01  -2.0930163E+00  -2.2328416E+00   1.2544837E+00   2.9179762E+00  -3.1692726E+00
  1.1700800E+00     2   6.6542712E-02  -4.3237749E-01  -1.1584289E+00  -4.0566485E+00  -4.8575670E+00   2.3707314E+00
  1.1814400E+00     1   6.8248503E-01  -2.0595255E+00  -2.2684756E+00   1.2349285E+00   2.9780574E+00  -3.1042137E+00
  1.1814400E+00     2   2.0435478E-02  -4.8688239E-01  -1.1293992E+00  -4.0579406E+00  -4.7346266E+00   2.7393631E+00
  1.1928000E+00     1   6.9640135E-01  -2.0253599E+00  -2.3033669E+00   1.2150806E+00   3.0368008E+00  -3.0385262E+00
  1.1928000E+00     2  -2.5587489E-02  -5.3986151E-01  -1.0962110E+00  -4.0417547E+00  -4.5887990E+00   3.1025937E+00
  1.2041600E+00     1   7.1009058E-01  -1.9905344E+00  -2.3375086E+00   1.1949476E+00   3.0942110E+00  -2.9722280E+00
  1.2041600E+00     2  -7.1326049E-02  -5.9105042E-01  -1.0589350E+00  -4.0078452E+00  -4.4193500E+00   3.4587637E+00
  1.2155200E+00     1   7.2354951E-01  -1.9550644E+00  -2.3708937E+00   1.1745370E+00   3.1502928E+00  -2.9053372E+00
  1.2155200E+00     2  -1.1657843E-01  -6.4017802E-01  -1.0176609E+00  -3.9561690E+00  -4.2258497E+00   3.8062266E+00
  1.2268800E+00     1   7.3677504E-01  -1.9189648E+00  -2.4035157E+00   1.1538565E+00   3.2050511E+00  -2.8378712E+00
  1.2268800E+00     2  -1.6114345E-01  -6.8697034E-01  -9.7249672E-01  -3.8868686E+00  -4.0082299E+00   4.1433491E+00
  1.2382400E+00     1   7.4976414E-01  -1.8822506E+00  -2.4353680E+00   1.1329137E+00   3.2584919E+00  -2.7698474E+00
  1.2382400E+00     2  -2.0482246E-01  -7.3115483E-01  -9.2356929E-01  -3.8002406E+00  -3.7668099E+00   4.4685054E+00
  1.2496000E+00     1   7.6251387E-01  -1.8449368E+00  -2.4664445E+00   1.1117159E+00   3.3106215E+00  -2.7012821E+00
  1.2496000E+00     2  -2.4742086E-01  -7.7246474E-01  -8.7102375E-01  -3.6966989E+00  -3.5022895E+00   4.7800687E+00
  1.2609600E+00     1   7.7502138E-01  -1.8070383E+00  -2.4967392E+00   1.0902699E+00   3.3614465E+00  -2.6321911E+00
  1.2609600E+00     2  -2.8874928E-01  -8.1064329E-01  -8.1502378E-01  -3.5767385E+00  -3.2157129E+00   5.0764057E+00
  1.2723200E+00     1   7.8728389E-01  -1.7685697E+00  -2.5262460E+00   1.0685820E+00   3.4109742E+00  -2.5625890E+00
  1.2723200E+00     2  -3.2862426E-01  -8.4544725E-01  -7.5575167E-01  -3.4409071E+00  -2.9084145E+00   5.3558788E+00
  1.2836800E+00     1   7.9929867E-01  -1.7295458E+00  -2.5549593E+00   1.0466580E+00   3.4592115E+00  -2.4924897E+00
  1.2836800E+00     2  -3.6686879E-01  -8.7664990E-01  -6.9340826E-01  -3.2897863E+00  -2.5819569E+00   5.6168547E+00
  1.2950400E+00     1   8.1106308E-01  -1.6899813E+00  -2.5828735E+00   1.0245030E+00   3.5061656E+00  -2.4219058E+00
  1.2950400E+00     2  -4.0331260E-01  -9.0404330E-01  -6.2821289E-01  -3.1239822E+00  -2.2380722E+00   5.8577181E+00
  1.3064000E+00     1   8.2257452E-01  -1.6498906E+00  -2.6099832E+00   1.0021216E+00   3.5518431E+00  -2.3508494E+00
  1.3064000E+00     2  -4.3779244E-01  -9.2743991E-01  -5.6040306E-01  -2.9441241E+00  -1.8786118E+00   6.0768892E+00
  1.3177600E+00     1   8.3383044E-01  -1.6092882E+00  -2.6362831E+00   9.7951803E-01   3.5962502E+00  -2.2793316E+00
  1.3177600E+00     2  -4.7015236E-01  -9.4667369E-01  -4.9023390E-01  -2.7508683E+00  -1.5055082E+00   6.2728408E+00
  1.3291200E+00     1   8.4482835E-01  -1.5681885E+00  -2.6617679E+00   9.5669606E-01   3.6393928E+00  -2.2073630E+00
  1.3291200E+00     2  -5.0024404E-01  -9.6160092E-01  -4.1797757E-01  -2.5449052E+00  -1.1207494E+00   6.4441153E+00
  1.3404800E+00     1   8.5556576E-01  -1.5266060E+00  -2.6864327E+00   9.3365918E-01   3.6812759E+00  -2.1349535E+00
  1.3404800E+00     2  -5.2792726E-01  -9.7210066E-01  -3.4392226E-01  -2.3269674E+00  -7.2636295E-01   6.5893390E+00
  1.3518400E+00     1   8.6604028E-01  -1.4845547E+00  -2.7102724E+00   9.1041063E-01   3.7219042E+00  -2.0621126E+00
  1.3518400E+00     2  -5.5307036E-01  -9.7807522E-01  -2.6837128E-01  -2.0978381E+00  -3.2440812E-01   6.7072359E+00
  1.3632000E+00     1   8.7624950E-01  -1.4420490E+00  -2.7332823E+00   8.8695344E-01   3.7612818E+00  -1.9888495E+00
  1.3632000E+00     2  -5.7555094E-01  -9.7945046E-01  -1.9164177E-01  -1.8583598E+00   8.3026100E-02   6.7966400E+00
  1.3745600E+00     1   8.8619108E-01  -1.3991031E+00  -2.7554575E+00   8.6329049E-01   3.7994121E+00  -1.9151728E+00
  1.3745600E+00     2  -5.9525654E-01  -9.7617614E-01  -1.1406348E-01  -1.6094411E+00   4.9382034E-01   6.8565073E+00
  1.3859200E+00     1   8.9586270E-01  -1.3557311E+00  -2.7767935E+00   8.3942454E-01   3.8362980E+00  -1.8410911E+00
  1.3859200E+00     2  -6.1208540E-01  -9.6822628E-01  -3.5977230E-02  -1.3520630E+00   9.0582283E-01   6.8859293E+00
  1.3972800E+00     1   9.0526205E-01  -1.3119471E+00  -2.7972856E+00   8.1535825E-01   3.8719419E+00  -1.7666127E+00
  1.3972800E+00     2  -6.2594737E-01  -9.5559954E-01   4.2266651E-02  -1.0872843E+00   1.3168479E+00   6.8841460E+00
  1.4086400E+00     1   9.1438689E-01  -1.2677653E+00  -2.8169295E+00   7.9109418E-01   3.9063456E+00  -1.6917456E+00
  1.4086400E+00     2  -6.3676478E-01  -9.3831960E-01   1.2031012E-01  -8.1624488E-01   1.7246763E+00   6.8505613E+00
  1.4200000E+00     1   9.2323497E-01  -1.2231996E+00  -2.8357206E+00   7.6663483E-01   3.9395106E+00  -1.6164976E+00
  1.4200000E+00     2  -6.4447337E-01  -9.1643552E-01   1.9778938E-01  -5.4016726E-01   2.1270578E+00   6.7847597E+00
  1.4313600E+00     1   9.3180410E-01  -1.1782643E+00  -2.8536549E+00   7.4198266E-01   3.9714378E+00  -1.5408765E+00
  1.4313600E+00     2  -6.4902324E-01  -8.9002208E-01   2.7433701E-01  -2.6035640E-01   2.5217180E+00   6.6865229E+00
  1.4427200E+00     1   9.4009210E-01  -1.1329733E+00  -2.8707280E+00   7.1714004E-01   4.0021275E+00  -1.4648899E+00
  1.4427200E+00     2  -6.5037976E-01  -8.5917999E-01   3.4958432E-01   2.1803289E-02   2.9063684E+00   6.5558483E+00
  1.4540800E+00     1   9.4809681E-01  -1.0873406E+00  -2.8869358E+00   6.9210934E-01   4.0315797E+00  -1.3885451E+00
  1.4540800E+00     2  -6.4852448E-01  -8.2403596E-01   4.2316389E-01   3.0485351E-01   3.2787208E+00   6.3929655E+00
  1.4654400E+00     1   9.5581612E-01  -1.0413805E+00  -2.9022744E+00   6.6689286E-01   4.0597940E+00  -1.3118497E+00
  1.4654400E+00     2  -6.4345588E-01  -7.8474262E-01   4.9471232E-01   5.8727075E-01   3.6365065E+00   6.1983527E+00
  1.4768000E+00     1   9.6324792E-01  -9.9510680E-01  -2.9167397E+00   6.4149289E-01   4.0867693E+00  -1.2348108E+00
  1.4768000E+00     2  -6.3519006E-01  -7.4147813E-01   5.6387309E-01   8.6747808E-01   3.9774987E+00   5.9727502E+00
  1.4881600E+00     1   9.7039015E-01  -9.4853375E-01  -2.9303280E+00   6.1591168E-01   4.1125045E+00  -1.1574358E+00
  1.4881600E+00     2  -6.2376126E-01  -6.9444562E-01   6.3029965E-01   1.1438602E+00   4.2995392E+00   5.7171696E+00
  1.4995200E+00     1   9.7724076E-01  -9.0167540E-01  -2.9430354E+00   5.9015145E-01   4.1369976E+00  -1.0797316E+00
  1.4995200E+00     2  -6.0922223E-01  -6.4387218E-01   6.9365851E-01   1.4147813E+00   4.6005677E+00   5.4328994E+00
  1.5108800E+00     1   9.8379772E-01  -8.5454588E-01  -2.9548583E+00   5.6421441E-01   4.1602466E+00  -1.0017055E+00
  1.5108800E+00     2  -5.9164430E-01  -5.9000762E-01   7.5363237E-01   1.6786061E+00   4.8786528E+00   5.1215037E+00
  1.5222400E+00     1   9.9005905E-01  -8.0715932E-01  -2.9657930E+00   5.3810275E-01   4.1822487E+00  -9.2336443E-01
  1.5222400E+00     2  -5.7111728E-01  -5.3312280E-01   8.0992326E-01   1.9337225E+00   5.1320238E+00   4.7848147E+00
  1.5336000E+00     1   9.9602276E-01  -7.5952992E-01  -2.9758360E+00   5.1181863E-01   4.2030011E+00  -8.4471552E-01
  1.5336000E+00     2  -5.4774904E-01  -4.7350763E-01   8.6225545E-01   2.1785660E+00   5.3591019E+00   4.4249180E+00
  1.5449600E+00     1   1.0016869E+00  -7.1167188E-01  -2.9849838E+00   4.8536424E-01   4.2225002E+00  -7.6576575E-01
  1.5449600E+00     2  -5.2166482E-01  -4.1146874E-01   9.1037827E-01   2.4116450E+00   5.5585290E+00   4.0441305E+00
  1.5563200E+00     1   1.0070496E+00  -6.6359947E-01  -2.9932331E+00   4.5874171E-01   4.2407423E+00  -6.8652215E-01
  1.5563200E+00     2  -4.9300631E-01  -3.4732681E-01   9.5406851E-01   2.6315648E+00   5.7291925E+00   3.6449711E+00
  1.5676800E+00     1   1.0121089E+00  -6.1532700E-01  -3.0005805E+00   4.3195319E-01   4.2577231E+00  -6.0699174E-01
  1.5676800E+00     2  -4.6193035E-01  -2.8141365E-01   9.9313259E-01   2.8370511E+00   5.8702459E+00   3.2301248E+00
  1.5790400E+00     1   1.0168630E+00  -5.6686880E-01  -3.0070228E+00   4.0500085E-01   4.2734380E+00  -5.2718155E-01
  1.5790400E+00     2  -4.2860747E-01  -2.1406912E-01   1.0274082E+00   3.0269706E+00   5.9811225E+00   2.8024022E+00
  1.5904000E+00     1   1.0213099E+00  -5.1823930E-01  -3.0125570E+00   3.7788681E-01   4.2878820E+00  -4.4709864E-01
  1.5904000E+00     2  -3.9322023E-01  -1.4563791E-01   1.0567654E+00   3.2003482E+00   6.0615424E+00   2.3646944E+00
  1.6017600E+00     1   1.0254479E+00  -4.6945295E-01  -3.0171799E+00   3.5061323E-01   4.3010497E+00  -3.6675008E-01
  1.6017600E+00     2  -3.5596127E-01  -7.6466220E-02   1.0811073E+00   3.3563798E+00   6.1115125E+00   1.9199261E+00
  1.6131200E+00     1   1.0292752E+00  -4.2052430E-01  -3.0208886E+00   3.2318227E-01   4.3129351E+00  -2.8614302E-01
  1.6131200E+00     2  -3.1703135E-01  -6.8986012E-03   1.1003704E+00   3.4944414E+00   6.1313184E+00   1.4710083E+00
  1.6244800E+00     1   1.0327901E+00  -3.7146795E-01  -3.0236801E+00   2.9559608E-01   4.3235320E+00  -2.0528462E-01
  1.6244800E+00     2  -2.7663730E-01   6.2725164E-02   1.1145237E+00   3.6140921E+00   6.1215100E+00   1.0207933E+00
  1.6358400E+00     1   1.0359906E+00  -3.2229856E-01  -3.0255517E+00   2.6785684E-01   4.3328339E+00  -1.2418212E-01
  1.6358400E+00     2  -2.3498990E-01   1.3207294E-01   1.1235683E+00   3.7150732E+00   6.0828804E+00   5.7203156E-01
  1.6472000E+00     1   1.0388752E+00  -2.7303089E-01  -3.0265007E+00   2.3996675E-01   4.3408335E+00  -4.2842838E-02
  1.6472000E+00     2  -1.9230187E-01   2.0082287E-01   1.1275357E+00   3.7973017E+00   6.0164400E+00   1.2733493E-01
  1.6585600E+00     1   1.0414421E+00  -2.2367978E-01  -3.0265243E+00   2.1192800E-01   4.3475234E+00   3.8725856E-02
  1.6585600E+00     2  -1.4878592E-01   2.6866566E-01   1.1264860E+00   3.8608606E+00   5.9233864E+00  -3.1085536E-01
  1.6699200E+00     1   1.0436896E+00  -1.7426015E-01  -3.0256200E+00   1.8374282E-01   4.3528957E+00   1.2051648E-01
  1.6699200E+00     2  -1.0465294E-01   3.3530654E-01   1.1205062E+00   3.9059853E+00   5.8050723E+00  -7.4029351E-01
  1.6812800E+00     1   1.0456162E+00  -1.2478701E-01  -3.0237853E+00   1.5541345E-01   4.3569420E+00   2.0252146E-01
  1.6812800E+00     2  -6.0110347E-02   4.0046682E-01   1.1097074E+00   3.9330471E+00   5.6629718E+00  -1.1589471E+00
  1.6926400E+00     1   1.0472201E+00  -7.5275482E-02  -3.0210179E+00   1.2694218E-01   4.3596535E+00   2.8473311E-01
  1.6926400E+00     2  -1.5360664E-02   4.6388510E-01   1.0942226E+00   3.9425357E+00   5.4986474E+00  -1.5650083E+00
  1.7040000E+00     1   1.0484998E+00  -2.5740775E-02  -3.0173154E+00   9.8331305E-02   4.3610209E+00   3.6714361E-01
  1.7040000E+00     2   2.9399738E-02   5.2531807E-01   1.0742041E+00   3.9350395E+00   5.3137181E+00  -1.9568978E+00
  1.7153600E+00     1   1.0494537E+00   2.3801786E-02  -3.0126757E+00   6.9583165E-02   4.3610346E+00   4.4974501E-01
  1.7153600E+00     2   7.3981641E-02   5.8454098E-01   1.0498207E+00   3.9112269E+00   5.1098299E+00  -2.3332640E+00
  1.7267200E+00     1   1.0500802E+00   7.3336766E-02  -3.0070965E+00   4.0700140E-02   4.3596843E+00   5.3252920E-01
  1.7267200E+00     2   1.1820379E-01   6.4134785E-01   1.0212555E+00   3.8718275E+00   4.8886292E+00  -2.6929755E+00
  1.7380800E+00     1   1.0503779E+00   1.2284861E-01  -3.0005759E+00   1.1684652E-02   4.3569595E+00   6.1548789E-01
  1.7380800E+00     2   1.6189346E-01   6.9555124E-01   9.8870292E-01   3.8176140E+00   4.6517402E+00  -3.0351110E+00
  1.7494400E+00     1   1.0503452E+00   1.7232164E-01  -2.9931120E+00  -1.7460826E-02   4.3528491E+00   6.9861264E-01
  1.7494400E+00     2   2.0488691E-01   7.4698198E-01   9.5236707E-01   3.7493860E+00   4.4007451E+00  -3.3589443E+00
  1.7608000E+00     1   1.0499807E+00   2.2174005E-01  -2.9847029E+00  -4.6733770E-02   4.3473413E+00   7.8189478E-01
  1.7608000E+00     2   2.4702952E-01   7.9548854E-01   9.1245910E-01   3.6679556E+00   4.1371690E+00  -3.6639285E+00
  1.7721600E+00     1   1.0492829E+00   2.7108790E-01  -2.9753468E+00  -7.6131594E-02   4.3404241E+00   8.6532543E-01
  1.7721600E+00     2   2.8817594E-01   8.4093634E-01   8.6919547E-01   3.5741346E+00   3.8624682E+00  -3.9496776E+00
  1.7835200E+00     1   1.0482505E+00   3.2034910E-01  -2.9650422E+00  -1.0565164E-01   4.3320849E+00   9.4889548E-01
  1.7835200E+00     2   3.2818997E-01   8.8320692E-01   8.2279620E-01   3.4687239E+00   3.5780220E+00  -4.2159478E+00
  1.7948800E+00     1   1.0468821E+00   3.6950743E-01  -2.9537874E+00  -1.3529120E-01   4.3223105E+00   1.0325956E+00
  1.7948800E+00     2   3.6694442E-01   9.2219702E-01   7.7348336E-01   3.3525046E+00   3.2851275E+00  -4.4626189E+00
  1.8062400E+00     1   1.0451762E+00   4.1854651E-01  -2.9415811E+00  -1.6504745E-01   4.3110872E+00   1.1164160E+00
  1.8062400E+00     2   4.0432081E-01   9.5781763E-01   7.2147978E-01   3.2262313E+00   2.9849974E+00  -4.6896764E+00
  1.8176000E+00     1   1.0431318E+00   4.6744979E-01  -2.9284220E+00  -1.9491751E-01   4.2984009E+00   1.2003469E+00
  1.8176000E+00     2   4.4020907E-01   9.8999305E-01   6.6700792E-01   3.0906274E+00   2.6787608E+00  -4.8971933E+00
  1.8289600E+00     1   1.0407473E+00   5.1620058E-01  -2.9143089E+00  -2.2489838E-01   4.2842366E+00   1.2843780E+00
  1.8289600E+00     2   4.7450714E-01   1.0186599E+00   6.1028899E-01   2.9463811E+00   2.3674654E+00  -5.0853151E+00
  1.8403200E+00     1   1.0380217E+00   5.6478199E-01  -2.8992406E+00  -2.5498699E-01   4.2685792E+00   1.3684987E+00
  1.8403200E+00     2   5.0712059E-01   1.0437664E+00   5.5154224E-01   2.7941440E+00   2.0520818E+00  -5.2542443E+00
  1.8516800E+00     1   1.0349536E+00   6.1317698E-01  -2.8832163E+00  -2.8518012E-01   4.2514126E+00   1.4526981E+00
  1.8516800E+00     2   5.3796217E-01   1.0652712E+00   4.9098431E-01   2.6345306E+00   1.7335098E+00  -5.4042278E+00
  1.8630400E+00     1   1.0315420E+00   6.6136831E-01  -2.8662350E+00  -3.1547447E-01   4.2327203E+00   1.5369648E+00
  1.8630400E+00     2   5.6695139E-01   1.0831428E+00   4.2882887E-01   2.4681184E+00   1.4125856E+00  -5.5355451E+00
  1.8744000E+00     1   1.0277856E+00   7.0933855E-01  -2.8482962E+00  -3.4586657E-01   4.2124853E+00   1.6212870E+00
  1.8744000E+00     2   5.9401413E-01   1.0973592E+00   3.6528626E-01   2.2954499E+00   1.0900903E+00  -5.6484990E+00
  1.8857600E+00     1   1.0236835E+00   7.5707007E-01  -2.8293992E+00  -3.7635284E-01   4.1906896E+00   1.7056527E+00
  1.8857600E+00     2   6.1908225E-01   1.1079065E+00   3.0056331E-01   2.1170354E+00   7.6675952E-01  -5.7434070E+00
  1.8971200E+00     1   1.0192346E+00   8.0454504E-01  -2.8095437E+00  -4.0692953E-01   4.1673150E+00   1.7900492E+00
  1.8971200E+00     2   6.4209324E-01   1.1147794E+00   2.3486315E-01   1.9333561E+00   4.4329430E-01  -5.8205952E+00
  1.9084800E+00     1   1.0144378E+00   8.5174541E-01  -2.7887293E+00  -4.3759277E-01   4.1423423E+00   1.8744633E+00
  1.9084800E+00     2   6.6298990E-01   1.1179802E+00   1.6838523E-01   1.7448686E+00   1.2037252E-01  -5.8803930E+00
  1.9198400E+00     1   1.0092922E+00   8.9865293E-01  -2.7669559E+00  -4.6833847E-01   4.1157517E+00   1.9588815E+00
  1.9198400E+00     2   6.8172011E-01   1.1175189E+00   1.0132523E-01   1.5520098E+00  -2.0133803E-01  -5.9231299E+00
  1.9312000E+00     1   1.0037968E+00   9.4524909E-01  -2.7442235E+00  -4.9916240E-01   4.0875228E+00   2.0432896E+00
  1.9312000E+00     2   6.9823661E-01   1.1134130E+00   3.3875089E-02   1.3552029E+00  -5.2116571E-01  -5.9491328E+00
  1.9425600E+00     1   9.9795090E-01   9.9151516E-01  -2.7205324E+00  -5.3006012E-01   4.0576343E+00   2.1276728E+00
  1.9425600E+00     2   7.1249694E-01   1.1056877E+00  -3.3776927E-02   1.1548640E+00  -8.3841959E-01  -5.9587250E+00
  1.9539200E+00     1   9.9175359E-01   1.0374322E+00  -2.6958829E+00  -5.6102700E-01   4.0260641E+00   2.2120158E+00
  1.9539200E+00     2   7.2446333E-01   1.0943766E+00  -1.0144621E-01   9.5140934E-01  -1.1523726E+00  -5.9522260E+00
  1.9652800E+00     1   9.8520412E-01   1.0829809E+00  -2.6702756E+00  -5.9205821E-01   3.9927894E+00   2.2963024E+00
  1.9652800E+00     2   7.3410277E-01   1.0795213E+00  -1.6895176E-01   7.4526380E-01  -1.4622435E+00  -5.9299506E+00
  1.9766400E+00     1   9.7830180E-01   1.1281418E+00  -2.6437112E+00  -6.2314867E-01   3.9577863E+00   2.3805159E+00
  1.9766400E+00     2   7.4138720E-01   1.0611731E+00  -2.3611613E-01   5.3686973E-01  -1.7671767E+00  -5.8922091E+00
  1.9880000E+00     1   9.7104598E-01   1.1728952E+00  -2.6161906E+00  -6.5429311E-01   3.9210302E+00   2.4646386E+00
  1.9880000E+00     2   7.4629371E-01   1.0393933E+00  -3.0276534E-01   3.2669674E-01  -2.0662228E+00  -5.8393046E+00
  1.9993600E+00     1   9.6343608E-01   1.2172209E+00  -2.5877150E+00  -6.8548598E-01   3.8824953E+00   2.5486518E+00
  1.9993600E+00     2   7.4880493E-01   1.0142548E+00  -3.6872881E-01   1.1525186E-01  -2.3583177E+00  -5.7715285E+00
  2.0107200E+00     1   9.5547158E-01   1.2610986E+00  -2.5582858E+00  -7.1672151E-01   3.8421547E+00   2.6325359E+00
  2.0107200E+00     2   7.4890951E-01   9.8584316E-01  -4.3383918E-01  -9.6910247E-02  -2.6422649E+00  -5.6891517E+00
  2.0220800E+00     1   9.4715203E-01   1.3045077E+00  -2.5279044E+00  -7.4799365E-01   3.7999806E+00   2.7162697E+00
  2.0220800E+00     2   7.4660272E-01   9.5425844E-01  -4.9793195E-01  -3.0917775E-01  -2.9167237E+00  -5.5924099E+00
  2.0334400E+00     1   9.3847705E-01   1.3474271E+00  -2.4965728E+00  -7.7929605E-01   3.7559440E+00   2.7998305E+00
  2.0334400E+00     2   7.4188715E-01   9.1961674E-01  -5.6084502E-01  -5.2087394E-01  -3.1802064E+00  -5.4814811E+00
  2.0448000E+00     1   9.2944633E-01   1.3898356E+00  -2.4642930E+00  -8.1062205E-01   3.7100149E+00   2.8831939E+00
  2.0448000E+00     2   7.3477344E-01   8.8205184E-01  -6.2241785E-01  -7.3125281E-01  -3.4310938E+00  -5.3564569E+00
  2.0561600E+00     1   9.2005965E-01   1.4317114E+00  -2.4310675E+00  -8.4196461E-01   3.6621624E+00   2.9663329E+00
  2.0561600E+00     2   7.2528115E-01   8.4171646E-01  -6.8249026E-01  -9.3950000E-01  -3.6676749E+00  -5.2173088E+00
  2.0675200E+00     1   9.1031686E-01   1.4730325E+00  -2.3968989E+00  -8.7331630E-01   3.6123551E+00   3.0492183E+00
  2.0675200E+00     2   7.1343938E-01   7.9878300E-01  -7.4090096E-01  -1.1447410E+00  -3.8882183E+00  -5.0638572E+00
  2.0788800E+00     1   9.0021790E-01   1.5137766E+00  -2.3617903E+00  -9.0466915E-01   3.5605614E+00   3.1318177E+00
  2.0788800E+00     2   6.9928748E-01   7.5344313E-01  -7.9748564E-01  -1.3460586E+00  -4.0910786E+00  -4.8957548E+00
  2.0902400E+00     1   8.8976281E-01   1.5539208E+00  -2.3257452E+00  -9.3601460E-01   3.5067503E+00   3.2140960E+00
  2.0902400E+00     2   6.8287533E-01   7.0590610E-01  -8.5207514E-01  -1.5425187E+00  -4.2748312E+00  -4.7124993E+00
  2.1016000E+00     1   8.7895171E-01   1.5934422E+00  -2.2887674E+00  -9.6734340E-01   3.4508915E+00   3.2960152E+00
  2.1016000E+00     2   6.6426333E-01   6.5639539E-01  -9.0449397E-01  -1.7332049E+00  -4.4384179E+00  -4.5134904E+00
  2.1129600E+00     1   8.6778487E-01   1.6323172E+00  -2.2508612E+00  -9.9864551E-01   3.3929565E+00   3.3775350E+00
  2.1129600E+00     2   6.4352205E-01   6.0514383E-01  -9.5455973E-01  -1.9172546E+00  -4.5812705E+00  -4.2981359E+00
  2.1243200E+00     1   8.5626263E-01   1.6705222E+00  -2.2120315E+00  -1.0299100E+00   3.3329181E+00   3.4586135E+00
  2.1243200E+00     2   6.2073139E-01   5.5238754E-01  -1.0020840E+00  -2.0938923E+00  -4.7033800E+00  -4.0659929E+00
  2.1356800E+00     1   8.4438550E-01   1.7080330E+00  -2.1722834E+00  -1.0611252E+00   3.2707509E+00   3.5392077E+00
  2.1356800E+00     2   5.9597942E-01   4.9835961E-01  -1.0468749E+00  -2.2624537E+00  -4.8052829E+00  -3.8169158E+00
  2.1470400E+00     1   8.3215410E-01   1.7448255E+00  -2.1316227E+00  -1.0922786E+00   3.2064304E+00   3.6192747E+00
  2.1470400E+00     2   5.6936109E-01   4.4328434E-01  -1.0887412E+00  -2.4223953E+00  -4.8879644E+00  -3.5511693E+00
  2.1584000E+00     1   8.1956921E-01   1.7808749E+00  -2.0900556E+00  -1.1233567E+00   3.1399324E+00   3.6987715E+00
  2.1584000E+00     2   5.4097686E-01   3.8737302E-01  -1.1274970E+00  -2.5732920E+00  -4.9527012E+00  -3.2694743E+00
  2.1697600E+00     1   8.0663177E-01   1.8161564E+00  -2.0475889E+00  -1.1543458E+00   3.0712319E+00   3.7776553E+00
  2.1697600E+00     2   5.1093137E-01   3.3082163E-01  -1.1629675E+00  -2.7148243E+00  -5.0008869E+00  -2.9729781E+00
  2.1811200E+00     1   7.9334287E-01   1.8506448E+00  -2.0042298E+00  -1.1852312E+00   3.0003033E+00   3.8558829E+00
  2.1811200E+00     2   4.7933240E-01   2.7381039E-01  -1.1949926E+00  -2.8467597E+00  -5.0338771E+00  -2.6631611E+00
  2.1924800E+00     1   7.7970377E-01   1.8843148E+00  -1.9599859E+00  -1.2159978E+00   2.9271191E+00   3.9334106E+00
  2.1924800E+00     2   4.4628996E-01   2.1650488E-01  -1.2234305E+00  -2.9689343E+00  -5.0528820E+00  -2.3417125E+00
  2.2038400E+00     1   7.6571591E-01   1.9171403E+00  -1.9148655E+00  -1.2466297E+00   2.8516505E+00   4.0101927E+00
  2.2038400E+00     2   4.1191561E-01   1.5905803E-01  -1.2481590E+00  -3.0812352E+00  -5.0589092E+00  -2.0104039E+00
  2.2152000E+00     1   7.5138091E-01   1.9490955E+00  -1.8688773E+00  -1.2771106E+00   2.7738674E+00   4.0861820E+00
  2.2152000E+00     2   3.7632198E-01   1.0161258E-01  -1.2690762E+00  -3.1835858E+00  -5.0527494E+00  -1.6709845E+00
  2.2265600E+00     1   7.3670059E-01   1.9801537E+00  -1.8220306E+00  -1.3074233E+00   2.6937383E+00   4.1613284E+00
  2.2265600E+00     2   3.3962242E-01   4.4303460E-02  -1.2860993E+00  -3.2759333E+00  -5.0349908E+00  -1.3251069E+00
  2.2379200E+00     1   7.2167696E-01   2.0102882E+00  -1.7743353E+00  -1.3375499E+00   2.6112312E+00   4.2355793E+00
  2.2379200E+00     2   3.0193080E-01  -1.2740071E-02  -1.2991639E+00  -3.3582387E+00  -5.0060464E+00  -9.7428538E-01
  2.2492800E+00     1   7.0631223E-01   2.0394718E+00  -1.7258019E+00  -1.3674715E+00   2.5263137E+00   4.3088785E+00
  2.2492800E+00     2   2.6336139E-01  -6.9392594E-02  -1.3082215E+00  -3.4304683E+00  -4.9661862E+00  -6.1987898E-01
  2.2606400E+00     1   6.9060886E-01   2.0676768E+00  -1.6764414E+00  -1.3971684E+00   2.4389530E+00   4.3811671E+00
  2.2606400E+00     2   2.2402885E-01  -1.2553109E-01  -1.3132386E+00  -3.4925862E+00  -4.9155667E+00  -2.6309417E-01
  2.2720000E+00     1   6.7456950E-01   2.0948754E+00  -1.6262658E+00  -1.4266197E+00   2.3491168E+00   4.4523824E+00
  2.2720000E+00     2   1.8404828E-01  -1.8103379E-01  -1.3141941E+00  -3.5445486E+00  -4.8542558E+00   9.5000966E-02
  2.2833600E+00     1   6.5819707E-01   2.1210393E+00  -1.5752876E+00  -1.4558036E+00   2.2567730E+00   4.5224584E+00
  2.2833600E+00     2   1.4353537E-01  -2.3577930E-01  -1.3110788E+00  -3.5862985E+00  -4.7822525E+00   4.5345593E-01
  2.2947200E+00     1   6.4149474E-01   2.1461397E+00  -1.5235201E+00  -1.4846971E+00   2.1618905E+00   4.5913256E+00
  2.2947200E+00     2   1.0260653E-01  -2.8964588E-01  -1.3038935E+00  -3.6177621E+00  -4.6995024E+00   8.1141421E-01
  2.3060800E+00     1   6.2446594E-01   2.1701477E+00  -1.4709776E+00  -1.5132758E+00   2.0644388E+00   4.6589106E+00
  2.3060800E+00     2   6.1379121E-02  -3.4251094E-01  -1.2926483E+00  -3.6388458E+00  -4.6059088E+00   1.1680892E+00
  2.3174400E+00     1   6.0711440E-01   2.1930339E+00  -1.4176748E+00  -1.5415144E+00   1.9643887E+00   4.7251365E+00
  2.3174400E+00     2   1.9971693E-02  -3.9425058E-01  -1.2773621E+00  -3.6494343E+00  -4.5013421E+00   1.5227413E+00
  2.3288000E+00     1   5.8944413E-01   2.2147686E+00  -1.3636279E+00  -1.5693860E+00   1.8617123E+00   4.7899228E+00
  2.3288000E+00     2  -2.1495765E-02  -4.4473930E-01  -1.2580620E+00  -3.6493899E+00  -4.3856472E+00   1.8746558E+00
  2.3401600E+00     1   5.7145945E-01   2.2353219E+00  -1.3088536E+00  -1.5968624E+00   1.7563834E+00   4.8531848E+00
  2.3401600E+00     2  -6.2901578E-02  -4.9384969E-01  -1.2347830E+00  -3.6385526E+00  -4.2586501E+00   2.2231238E+00
  2.3515200E+00     1   5.5316502E-01   2.2546635E+00  -1.2533697E+00  -1.6239142E+00   1.6483775E+00   4.9148341E+00
  2.3515200E+00     2  -1.0412213E-01  -5.4145232E-01  -1.2075684E+00  -3.6167409E+00  -4.1201644E+00   2.5674241E+00
  2.3628800E+00     1   5.3456584E-01   2.2727629E+00  -1.1971950E+00  -1.6505102E+00   1.5376721E+00   4.9747782E+00
  2.3628800E+00     2  -1.4503162E-01  -5.8741559E-01  -1.1764698E+00  -3.5837545E+00  -3.9699979E+00   2.9068066E+00
  2.3742400E+00     1   5.1566728E-01   2.2895891E+00  -1.1403495E+00  -1.6766179E+00   1.4242472E+00   5.0329208E+00
  2.3742400E+00     2  -1.8550189E-01  -6.3160572E-01  -1.1415474E+00  -3.5393767E+00  -3.8079601E+00   3.2404787E+00
  2.3856000E+00     1   4.9647506E-01   2.3051114E+00  -1.0828542E+00  -1.7022033E+00   1.3080854E+00   5.0891609E+00
  2.3856000E+00     2  -2.2540226E-01  -6.7388681E-01  -1.1028709E+00  -3.4833793E+00  -3.6338700E+00   3.5675919E+00
  2.3969600E+00     1   4.7699533E-01   2.3192984E+00  -1.0247314E+00  -1.7272307E+00   1.1891721E+00   5.1433940E+00
  2.3969600E+00     2  -2.6459938E-01  -7.1412099E-01  -1.0605200E+00  -3.4155275E+00  -3.4475650E+00   3.8872311E+00
  2.4083200E+00     1   4.5723463E-01   2.3321189E+00  -9.6600434E-01  -1.7516628E+00   1.0674961E+00   5.1955107E+00
  2.4083200E+00     2  -3.0295727E-01  -7.5216872E-01  -1.0145851E+00  -3.3355870E+00  -3.2489118E+00   4.1984051E+00
  2.4196800E+00     1   4.3719995E-01   2.3435415E+00  -9.0669782E-01  -1.7754607E+00   9.4304957E-01   5.2453978E+00
  2.4196800E+00     2  -3.4033728E-01  -7.8788915E-01  -9.6516833E-01  -3.2433312E+00  -3.0378172E+00   4.5000392E+00
  2.4310400E+00     1   4.1689872E-01   2.3535345E+00  -8.4683779E-01  -1.7985837E+00   8.1582893E-01   5.2929375E+00
  2.4310400E+00     2  -3.7659832E-01  -8.2114066E-01  -9.1238468E-01  -3.1385511E+00  -2.8142409E+00   4.7909701E+00
  2.4424000E+00     1   3.9633885E-01   2.3620666E+00  -7.8645163E-01  -1.8209894E+00   6.8583480E-01   5.3380078E+00
  2.4424000E+00     2  -4.1159705E-01  -8.5178153E-01  -8.5636275E-01  -3.0210652E+00  -2.5782093E+00   5.0699435E+00
  2.4537600E+00     1   3.7552872E-01   2.3691062E+00  -7.2556809E-01  -1.8426339E+00   5.5307263E-01   5.3804822E+00
  2.4537600E+00     2  -4.4518827E-01  -8.7967080E-01  -7.9724593E-01  -2.8907312E+00  -2.3298299E+00   5.3356137E+00
  2.4651200E+00     1   3.5447726E-01   2.3746219E+00  -6.6421739E-01  -1.8634712E+00   4.1755311E-01   5.4202302E+00
  2.4651200E+00     2  -4.7722546E-01  -9.0466926E-01  -7.3519340E-01  -2.7474590E+00  -2.0693062E+00   5.5865480E+00
  2.4764800E+00     1   3.3319389E-01   2.3785826E+00  -6.0243129E-01  -1.8834539E+00   2.7929260E-01   5.4571169E+00
  2.4764800E+00     2  -5.0756144E-01  -9.2664063E-01  -6.7038108E-01  -2.5912240E+00  -1.7969537E+00   5.8212331E+00
  2.4878400E+00     1   3.1168861E-01   2.3809572E+00  -5.4024306E-01  -1.9025326E+00   1.3831366E-01   5.4910033E+00
  2.4878400E+00     2  -5.3604918E-01  -9.4545291E-01  -6.0300249E-01  -2.4220815E+00  -1.5132138E+00   6.0380876E+00
  2.4992000E+00     1   2.8997197E-01   2.3817149E+00  -4.7768760E-01  -1.9206563E+00  -5.3544643E-03   5.5217465E+00
  2.4992000E+00     2  -5.6254281E-01  -9.6097991E-01  -5.3326944E-01  -2.2401806E+00  -1.2186685E+00   6.2354770E+00
  2.5105600E+00     1   2.6805512E-01   2.3808255E+00  -4.1480144E-01  -1.9377722E+00  -1.5167530E-01   5.5491995E+00
  2.5105600E+00     2  -5.8689873E-01  -9.7310290E-01  -4.6141247E-01  -2.0457782E+00  -9.1405151E-01   6.4117350E+00
  2.5219200E+00     1   2.4594980E-01   2.3782590E+00  -3.5162281E-01  -1.9538262E+00  -3.0060461E-01   5.5732121E+00
  2.5219200E+00     2  -6.0897696E-01  -9.8171239E-01  -3.8768118E-01  -1.8392514E+00  -6.0025785E-01   6.5651874E+00
  2.5332800E+00     1   2.2366842E-01   2.3739861E+00  -2.8819167E-01  -1.9687622E+00  -4.5208984E-01   5.5936303E+00
  2.5332800E+00     2  -6.2864252E-01  -9.8671001E-01  -3.1234403E-01  -1.6211085E+00  -2.7834916E-01   6.6941823E+00
  2.5446400E+00     1   2.0122398E-01   2.3679781E+00  -2.2454974E-01  -1.9825227E+00  -6.0606954E-01   5.6102973E+00
  2.5446400E+00     2  -6.4576699E-01  -9.8801039E-01  -2.3568803E-01  -1.3919971E+00   5.0445267E-02   6.7971217E+00
  2.5560000E+00     1   1.7863018E-01   2.3602070E+00  -1.6074052E-01  -1.9950489E+00  -7.6247275E-01   5.6230535E+00
  2.5560000E+00     2  -6.6023014E-01  -9.8554308E-01  -1.5801782E-01  -1.1527089E+00   3.8473287E-01   6.8724968E+00
  2.5673600E+00     1   1.5590137E-01   2.3506458E+00  -9.6809380E-02  -2.0062807E+00  -9.2121847E-01   5.6317371E+00
  2.5673600E+00     2  -6.7192153E-01  -9.7925430E-01  -7.9654537E-02  -9.0418032E-01   7.2296789E-01   6.9189243E+00
  2.5787200E+00     1   1.3305261E-01   2.3392684E+00  -3.2803499E-02  -2.0161567E+00  -1.0822151E+00   5.6361842E+00
  2.5787200E+00     2  -6.8074219E-01  -9.6910866E-01  -9.3413132E-04  -6.4748919E-01   1.0634675E+00   6.9351817E+00
  2.5900800E+00     1   1.1009966E-01   2.3260497E+00   3.1228057E-02  -2.0246144E+00  -1.2453596E+00   5.6362298E+00
  2.5900800E+00     2  -6.8660615E-01  -9.5509054E-01   7.7794627E-02  -3.8384592E-01   1.4044341E+00   6.9202412E+00
  2.6014400E+00     1   8.7058982E-02   2.3109661E+00   9.5234347E-02  -2.0315907E+00  -1.4105375E+00   5.6317082E+00
  2.6014400E+00     2  -6.8944187E-01  -9.3720528E-01   1.5617254E-01  -1.1458040E-01   1.7439826E+00   6.8732986E+00
  2.6128000E+00     1   6.3947770E-02   2.2939951E+00   1.5916254E-01  -2.0370217E+00  -1.5776216E+00   5.6224535E+00
  2.6128000E+00     2  -6.8919353E-01  -9.1547997E-01   2.3383265E-01   1.5887552E-01   2.0801726E+00   6.7937975E+00
  2.6241600E+00     1   4.0783943E-02   2.2751159E+00   2.2295794E-01  -2.0408431E+00  -1.7464722E+00   5.6083008E+00
  2.6241600E+00     2  -6.8582207E-01  -8.8996390E-01   3.1040319E-01   4.3500922E-01   2.4110441E+00   6.6814456E+00
  2.6355200E+00     1   1.7586153E-02   2.2543091E+00   2.8656397E-01  -2.0429905E+00  -1.9169359E+00   5.5890864E+00
  2.6355200E+00     2  -6.7930592E-01  -8.6072855E-01   3.8551059E-01   7.1225115E-01   2.7346536E+00   6.5362228E+00
  2.6468800E+00     1  -5.6262177E-03   2.2315576E+00   3.4992221E-01  -2.0433994E+00  -2.0888458E+00   5.5646493E+00
  2.6468800E+00     2  -6.6964159E-01  -8.2786723E-01   4.5878262E-01   9.8899986E-01   3.0491120E+00   6.3583816E+00
  2.6582400E+00     1  -2.8833057E-02   2.2068458E+00   4.1297243E-01  -2.0420060E+00  -2.2620208E+00   5.5348316E+00
  2.6582400E+00     2  -6.5684381E-01  -7.9149421E-01   5.2985142E-01   1.2636471E+00   3.3526191E+00   6.1484376E+00
  2.6696000E+00     1  -5.2013530E-02   2.1801604E+00   4.7565263E-01  -2.0387471E+00  -2.4362651E+00   5.4994801E+00
  2.6696000E+00     2  -6.4094552E-01  -7.5174357E-01   5.9835642E-01   1.5346014E+00   3.6434960E+00   5.9071537E+00
  2.6809600E+00     1  -7.5146091E-02   2.1514906E+00   5.3789910E-01  -2.0335606E+00  -2.6113685E+00   5.4584468E+00
  2.6809600E+00     2  -6.2199754E-01  -7.0876763E-01   6.6394700E-01   1.8003084E+00   3.9202123E+00   5.6355172E+00
  2.6923200E+00     1  -9.8208498E-02   2.1208277E+00   5.9964649E-01  -2.0263861E+00  -2.7871056E+00   5.4115906E+00
  2.6923200E+00     2  -6.0006807E-01  -6.6273514E-01   7.2628490E-01   2.0592674E+00   4.1814087E+00   5.3347128E+00
  2.7036800E+00     1  -1.2117783E-01   2.0881660E+00   6.6082788E-01  -2.0171648E+00  -2.9632364E+00   5.3587783E+00
  2.7036800E+00     2  -5.7524198E-01  -6.1382925E-01   7.8504633E-01   2.3100425E+00   4.4259134E+00   5.0060932E+00
  2.7150400E+00     1  -1.4403052E-01   2.0535025E+00   7.2137491E-01  -2.0058405E+00  -3.1395059E+00   5.2998859E+00
  2.7150400E+00     2  -5.4762007E-01  -5.6224530E-01   8.3992365E-01   2.5512678E+00   4.6527539E+00   4.6511508E+00
  2.7264000E+00     1  -1.6674236E-01   2.0168370E+00   7.8121783E-01  -1.9923597E+00  -3.3156444E+00   5.2347999E+00
  2.7264000E+00     2  -5.1731826E-01  -5.0818850E-01   8.9062687E-01   2.7816455E+00   4.8611636E+00   4.2714912E+00
  2.7377600E+00     1  -1.8928857E-01   1.9781726E+00   8.4028572E-01  -1.9766722E+00  -3.4913680E+00   5.1634188E+00
  2.7377600E+00     2  -4.8446686E-01  -4.5187159E-01   9.3688476E-01   2.9999377E+00   5.0505856E+00   3.8688130E+00
  2.7491200E+00     1  -2.1164382E-01   1.9375158E+00   8.9850654E-01  -1.9587314E+00  -3.6663791E+00   5.0856544E+00
  2.7491200E+00     2  -4.4920997E-01  -3.9351243E-01   9.7844586E-01   3.2049497E+00   5.2206743E+00   3.4448963E+00
  2.7604800E+00     1  -2.3378226E-01   1.8948763E+00   9.5580733E-01  -1.9384950E+00  -3.8403669E+00   5.0014330E+00
  2.7604800E+00     2  -4.1170514E-01  -3.3333161E-01   1.0150794E+00   3.3955046E+00   5.3712965E+00   3.0016015E+00
  2.7718400E+00     1  -2.5567759E-01   1.8502677E+00   1.0121144E+00  -1.9159251E+00  -4.0130083E+00   4.9106973E+00
  2.7718400E+00     2  -3.7212336E-01  -2.7155001E-01   1.0465763E+00   3.5704093E+00   5.5025336E+00   2.5408846E+00
  2.7832000E+00     1  -2.7730312E-01   1.8037072E+00   1.0673536E+00  -1.8909889E+00  -4.1839691E+00   4.8134070E+00
  2.7832000E+00     2  -3.3064945E-01  -2.0838635E-01   1.0727502E+00   3.7284072E+00   5.6146841E+00   2.0648305E+00
  2.7945600E+00     1  -2.9863179E-01   1.7552156E+00   1.1214501E+00  -1.8636587E+00  -4.3529051E+00   4.7095404E+00
  2.7945600E+00     2  -2.8748317E-01  -1.4405473E-01   1.0934397E+00   3.8681176E+00   5.7082655E+00   1.5757118E+00
  2.8059200E+00     1  -3.1963629E-01   1.7048182E+00   1.1743294E+00  -1.8339121E+00  -4.5194633E+00   4.5990954E+00
  2.8059200E+00     2  -2.4284102E-01  -7.8762126E-02   1.1085105E+00   3.9879575E+00   5.7840091E+00   1.0760781E+00
  2.8172800E+00     1  -3.4028906E-01   1.6525438E+00   1.2259167E+00  -1.8017325E+00  -4.6832833E+00   4.4820901E+00
  2.8172800E+00     2  -1.9695910E-01  -1.2706131E-02   1.1178595E+00   4.0860437E+00   5.8428310E+00   5.6888410E-01
  2.8286400E+00     1  -3.6056240E-01   1.5984257E+00   1.2761378E+00  -1.7671083E+00  -4.8439989E+00   4.3585638E+00
  2.8286400E+00     2  -1.5009712E-01   5.3926793E-02   1.1214202E+00   4.1600781E+00   5.8857527E+00   5.7659770E-02
  2.8400000E+00     1  -3.8042848E-01   1.5425013E+00   1.3249188E+00  -1.7300332E+00  -5.0012382E+00   4.2285769E+00
  2.8400000E+00     2  -1.0254382E-01   1.2096158E-01   1.1191705E+00   4.2072346E+00   5.9137167E+00  -4.5328461E-01
  2.8513600E+00     1  -3.9985946E-01   1.4848122E+00   1.3721869E+00  -1.6905060E+00  -5.1546243E+00   4.0922112E+00
  2.8513600E+00     2  -5.4623383E-02   1.8823183E-01   1.1111425E+00   4.2241005E+00   5.9272247E+00  -9.5865555E-01
  2.8627200E+00     1  -4.1882751E-01   1.4254043E+00   1.4178701E+00  -1.6485311E+00  -5.3037738E+00   3.9495705E+00
  2.8627200E+00     2  -6.7016759E-03   2.5557153E-01   1.0974349E+00   4.2067875E+00   5.9257216E+00  -1.4520776E+00
  2.8740800E+00     1  -4.3730487E-01   1.3643280E+00   1.4618979E+00  -1.6041209E+00  -5.4482943E+00   3.8007820E+00
  2.8740800E+00     2   4.0810568E-02   3.2279838E-01   1.0782240E+00   4.1514104E+00   5.9067382E+00  -1.9262974E+00
